26797
26795
26793
26791
26789
26787
26785
26783
26781
26779
26777
26775
26773
26771
26769
26767
26765
26763
26761
26759
26757
26755
26753
26751
26749
26747
26745
26743
26741
26739
26737
26735
26733
26731
26729
26727
26725
26723
26721
26719
26717
26715
26713
26711
26709
26707
26705
26703
26701
26699
26697
26695
26693
26691
26689
26687
26685
26683
26681
26679
26677
26675
26673
26671
26669
26667
26665
26663
26661
26659
26657
26655
26653
26651
26649
26647
26645
26643
26641
26639
26637
26635
26633
26631
26629
26627
26625
26623
26621
26619
26617
26615
26613
26611
26609
26607
26605
26603
26601
26599
26597
26595
26593
26591
26589
26587
26585
26583
26581
26579
26577
26575
26573
26571
26569
26567
26565
26563
26561
26559
26557
26555
26553
26551
26549
26547
26545
26543
26541
26539
26537
26535
26533
26531
26529
26527
26525
26523
26521
26519
26517
26515
26513
26511
26509
26507
26505
26503
26501
26499
26497
26495
26493
26491
26489
26487
26485
26483
26481
26479
26477
26475
26473
26471
26469
26467
26465
26463
26461
26459
26457
26455
26453
26451
26449
26447
26445
26443
26441
26439
26437
26435
26433
26431
26429
26427
26425
26423
26421
26419
26417
26415
26413
26411
26409
26407
26405
26403
26401
26399
26397
26395
26393
26391
26389
26387
26385
26383
26381
26379
26377
26375
26373
26371
26369
26367
26365
26363
26361
26359
26357
26355
26353
26351
26349
26347
26345
26343
26341
26339
26337
26335
26333
26331
26329
26327
26325
26323
26321
26319
26317
26315
26313
26311
26309
26307
26305
26303
26301
26299
26297
26295
26293
26291
26289
26287
26285
26283
26281
26279
26277
26275
26273
26271
26269
26267
26265
26263
26261
26259
26257
26255
26253
26251
26249
26247
26245
26243
26241
26239
26237
26235
26233
26231
26229
26227
26225
26223
26221
26219
26217
26215
26213
26211
26209
26207
26205
26203
26201
26199
26197
26195
26193
26191
26189
26187
26185
26183
26181
26179
26177
26175
26173
26171
26169
26167
26165
26163
26161
26159
26157
26155
26153
26151
26149
26147
26145
26143
26141
26139
26137
26135
26133
26131
26129
26127
26125
26123
26121
26119
26117
26115
26113
26111
26109
26107
26105
26103
26101
26099
26097
26095
26093
26091
26089
26087
26085
26083
26081
26079
26077
26075
26073
26071
26069
26067
26065
26063
26061
26059
26057
26055
26053
26051
26049
26047
26045
26043
26041
26039
26037
26035
26033
26031
26029
26027
26025
26023
26021
26019
26017
26015
26013
26011
26009
26007
26005
26003
26001
25999
25997
25995
25993
25991
25989
25987
25985
25983
25981
25979
25977
25975
25973
25971
25969
25967
25965
25963
25961
25959
25957
25955
25953
25951
25949
25947
25945
25943
25941
25939
25937
25935
25933
25931
25929
25927
25925
25923
25921
25919
25917
25915
25913
25911
25909
25907
25905
25903
25901
25899
25897
25895
25893
25891
25889
25887
25885
25883
25881
25879
25877
25875
25873
25871
25869
25867
25865
25863
25861
25859
25857
25855
25853
25851
25849
25847
25845
25843
25841
25839
25837
25835
25833
25831
25829
25827
25825
25823
25821
25819
25817
25815
25813
25811
25809
25807
25805
25803
25801
25799
25797
25795
25793
25791
25789
25787
25785
25783
25781
25779
25777
25775
25773
25771
25769
25767
25765
25763
25761
25759
25757
25755
25753
25751
25749
25747
25745
25743
25741
25739
25737
25735
25733
25731
25729
25727
25725
25723
25721
25719
25717
25715
25713
25711
25709
25707
25705
25703
25701
25699
25697
25695
25693
25691
25689
25687
25685
25683
25681
25679
25677
25675
25673
25671
25669
25667
25665
25663
25661
25659
25657
25655
25653
25651
25649
25647
25645
25643
25641
25639
25637
25635
25633
25631
25629
25627
25625
25623
25621
25619
25617
25615
25613
25611
25609
25607
25605
25603
25601
25599
25597
25595
25593
25591
25589
25587
25585
25583
25581
25579
25577
25575
25573
25571
25569
25567
25565
25563
25561
25559
25557
25555
25553
25551
25549
25547
25545
25543
25541
25539
25537
25535
25533
25531
25529
25527
25525
25523
25521
25519
25517
25515
25513
25511
25509
25507
25505
25503
25501
25499
25497
25495
25493
25491
25489
25487
25485
25483
25481
25479
25477
25475
25473
25471
25469
25467
25465
25463
25461
25459
25457
25455
25453
25451
25449
25447
25445
25443
25441
25439
25437
25435
25433
25431
25429
25427
25425
25423
25421
25419
25417
25415
25413
25411
25409
25407
25405
25403
25401
25399
25397
25395
25393
25391
25389
25387
25385
25383
25381
25379
25377
25375
25373
25371
25369
25367
25365
25363
25361
25359
25357
25355
25353
25351
25349
25347
25345
25343
25341
25339
25337
25335
25333
25331
25329
25327
25325
25323
25321
25319
25317
25315
25313
25311
25309
25307
25305
25303
25301
25299
25297
25295
25293
25291
25289
25287
25285
25283
25281
25279
25277
25275
25273
25271
25269
25267
25265
25263
25261
25259
25257
25255
25253
25251
25249
25247
25245
25243
25241
25239
25237
25235
25233
25231
25229
25227
25225
25223
25221
25219
25217
25215
25213
25211
25209
25207
25205
25203
25201
25199
25197
25195
25193
25191
25189
25187
25185
25183
25181
25179
25177
25175
25173
25171
25169
25167
25165
25163
25161
25159
25157
25155
25153
25151
25149
25147
25145
25143
25141
25139
25137
25135
25133
25131
25129
25127
25125
25123
25121
25119
25117
25115
25113
25111
25109
25107
25105
25103
25101
25099
25097
25095
25093
25091
25089
25087
25085
25083
25081
25079
25077
25075
25073
25071
25069
25067
25065
25063
25061
25059
25057
25055
25053
25051
25049
25047
25045
25043
25041
25039
25037
25035
25033
25031
25029
25027
25025
25023
25021
25019
25017
25015
25013
25011
25009
25007
25005
25003
25001
24999
24997
24995
24993
24991
24989
24987
24985
24983
24981
24979
24977
24975
24973
24971
24969
24967
24965
24963
24961
24959
24957
24955
24953
24951
24949
24947
24945
24943
24941
24939
24937
24935
24933
24931
24929
24927
24925
24923
24921
24919
24917
24915
24913
24911
24909
24907
24905
24903
24901
24899
24897
24895
24893
24891
24889
24887
24885
24883
24881
24879
24877
24875
24873
24871
24869
24867
24865
24863
24861
24859
24857
24855
24853
24851
24849
24847
24845
24843
24841
24839
24837
24835
24833
24831
24829
24827
24825
24823
24821
24819
24817
24815
24813
24811
24809
24807
24805
24803
24801
24799
24797
24795
24793
24791
24789
24787
24785
24783
24781
24779
24777
24775
24773
24771
24769
24767
24765
24763
24761
24759
24757
24755
24753
24751
24749
24747
24745
24743
24741
24739
24737
24735
24733
24731
24729
24727
24725
24723
24721
24719
24717
24715
24713
24711
24709
24707
24705
24703
24701
24699
24697
24695
24693
24691
24689
24687
24685
24683
24681
24679
24677
24675
24673
24671
24669
24667
24665
24663
24661
24659
24657
24655
24653
24651
24649
24647
24645
24643
24641
24639
24637
24635
24633
24631
24629
24627
24625
24623
24621
24619
24617
24615
24613
24611
24609
24607
24605
24603
24601
24599
24597
24595
24593
24591
24589
24587
24585
24583
24581
24579
24577
24575
24573
24571
24569
24567
24565
24563
24561
24559
24557
24555
24553
24551
24549
24547
24545
24543
24541
24539
24537
24535
24533
24531
24529
24527
24525
24523
24521
24519
24517
24515
24513
24511
24509
24507
24505
24503
24501
24499
24497
24495
24493
24491
24489
24487
24485
24483
24481
24479
24477
24475
24473
24471
24469
24467
24465
24463
24461
24459
24457
24455
24453
24451
24449
24447
24445
24443
24441
24439
24437
24435
24433
24431
24429
24427
24425
24423
24421
24419
24417
24415
24413
24411
24409
24407
24405
24403
24401
24399
24397
24395
24393
24391
24389
24387
24385
24383
24381
24379
24377
24375
24373
24371
24369
24367
24365
24363
24361
24359
24357
24355
24353
24351
24349
24347
24345
24343
24341
24339
24337
24335
24333
24331
24329
24327
24325
24323
24321
24319
24317
24315
24313
24311
24309
24307
24305
24303
24301
24299
24297
24295
24293
24291
24289
24287
24285
24283
24281
24279
24277
24275
24273
24271
24269
24267
24265
24263
24261
24259
24257
24255
24253
24251
24249
24247
24245
24243
24241
24239
24237
24235
24233
24231
24229
24227
24225
24223
24221
24219
24217
24215
24213
24211
24209
24207
24205
24203
24201
24199
24197
24195
24193
24191
24189
24187
24185
24183
24181
24179
24177
24175
24173
24171
24169
24167
24165
24163
24161
24159
24157
24155
24153
24151
24149
24147
24145
24143
24141
24139
24137
24135
24133
24131
24129
24127
24125
24123
24121
24119
24117
24115
24113
24111
24109
24107
24105
24103
24101
24099
24097
24095
24093
24091
24089
24087
24085
24083
24081
24079
24077
24075
24073
24071
24069
24067
24065
24063
24061
24059
24057
24055
24053
24051
24049
24047
24045
24043
24041
24039
24037
24035
24033
24031
24029
24027
24025
24023
24021
24019
24017
24015
24013
24011
24009
24007
24005
24003
24001
23999
23997
23995
23993
23991
23989
23987
23985
23983
23981
23979
23977
23975
23973
23971
23969
23967
23965
23963
23961
23959
23957
23955
23953
23951
23949
23947
23945
23943
23941
23939
23937
23935
23933
23931
23929
23927
23925
23923
23921
23919
23917
23915
23913
23911
23909
23907
23905
23903
23901
23899
23897
23895
23893
23891
23889
23887
23885
23883
23881
23879
23877
23875
23873
23871
23869
23867
23865
23863
23861
23859
23857
23855
23853
23851
23849
23847
23845
23843
23841
23839
23837
23835
23833
23831
23829
23827
23825
23823
23821
23819
23817
23815
23813
23811
23809
23807
23805
23803
23801
23799
23797
23795
23793
23791
23789
23787
23785
23783
23781
23779
23777
23775
23773
23771
23769
23767
23765
23763
23761
23759
23757
23755
23753
23751
23749
23747
23745
23743
23741
23739
23737
23735
23733
23731
23729
23727
23725
23723
23721
23719
23717
23715
23713
23711
23709
23707
23705
23703
23701
23699
23697
23695
23693
23691
23689
23687
23685
23683
23681
23679
23677
23675
23673
23671
23669
23667
23665
23663
23661
23659
23657
23655
23653
23651
23649
23647
23645
23643
23641
23639
23637
23635
23633
23631
23629
23627
23625
23623
23621
23619
23617
23615
23613
23611
23609
23607
23605
23603
23601
23599
23597
23595
23593
23591
23589
23587
23585
23583
23581
23579
23577
23575
23573
23571
23569
23567
23565
23563
23561
23559
23557
23555
23553
23551
23549
23547
23545
23543
23541
23539
23537
23535
23533
23531
23529
23527
23525
23523
23521
23519
23517
23515
23513
23511
23509
23507
23505
23503
23501
23499
23497
23495
23493
23491
23489
23487
23485
23483
23481
23479
23477
23475
23473
23471
23469
23467
23465
23463
23461
23459
23457
23455
23453
23451
23449
23447
23445
23443
23441
23439
23437
23435
23433
23431
23429
23427
23425
23423
23421
23419
23417
23415
23413
23411
23409
23407
23405
23403
23401
23399
23397
23395
23393
23391
23389
23387
23385
23383
23381
23379
23377
23375
23373
23371
23369
23367
23365
23363
23361
23359
23357
23355
23353
23351
23349
23347
23345
23343
23341
23339
23337
23335
23333
23331
23329
23327
23325
23323
23321
23319
23317
23315
23313
23311
23309
23307
23305
23303
23301
23299
23297
23295
23293
23291
23289
23287
23285
23283
23281
23279
23277
23275
23273
23271
23269
23267
23265
23263
23261
23259
23257
23255
23253
23251
23249
23247
23245
23243
23241
23239
23237
23235
23233
23231
23229
23227
23225
23223
23221
23219
23217
23215
23213
23211
23209
23207
23205
23203
23201
23199
23197
23195
23193
23191
23189
23187
23185
23183
23181
23179
23177
23175
23173
23171
23169
23167
23165
23163
23161
23159
23157
23155
23153
23151
23149
23147
23145
23143
23141
23139
23137
23135
23133
23131
23129
23127
23125
23123
23121
23119
23117
23115
23113
23111
23109
23107
23105
23103
23101
23099
23097
23095
23093
23091
23089
23087
23085
23083
23081
23079
23077
23075
23073
23071
23069
23067
23065
23063
23061
23059
23057
23055
23053
23051
23049
23047
23045
23043
23041
23039
23037
23035
23033
23031
23029
23027
23025
23023
23021
23019
23017
23015
23013
23011
23009
23007
23005
23003
23001
22999
22997
22995
22993
22991
22989
22987
22985
22983
22981
22979
22977
22975
22973
22971
22969
22967
22965
22963
22961
22959
22957
22955
22953
22951
22949
22947
22945
22943
22941
22939
22937
22935
22933
22931
22929
22927
22925
22923
22921
22919
22917
22915
22913
22911
22909
22907
22905
22903
22901
22899
22897
22895
22893
22891
22889
22887
22885
22883
22881
22879
22877
22875
22873
22871
22869
22867
22865
22863
22861
22859
22857
22855
22853
22851
22849
22847
22845
22843
22841
22839
22837
22835
22833
22831
22829
22827
22825
22823
22821
22819
22817
22815
22813
22811
22809
22807
22805
22803
22801
22799
22797
22795
22793
22791
22789
22787
22785
22783
22781
22779
22777
22775
22773
22771
22769
22767
22765
22763
22761
22759
22757
22755
22753
22751
22749
22747
22745
22743
22741
22739
22737
22735
22733
22731
22729
22727
22725
22723
22721
22719
22717
22715
22713
22711
22709
22707
22705
22703
22701
22699
22697
22695
22693
22691
22689
22687
22685
22683
22681
22679
22677
22675
22673
22671
22669
22667
22665
22663
22661
22659
22657
22655
22653
22651
22649
22647
22645
22643
22641
22639
22637
22635
22633
22631
22629
22627
22625
22623
22621
22619
22617
22615
22613
22611
22609
22607
22605
22603
22601
22599
22597
22595
22593
22591
22589
22587
22585
22583
22581
22579
22577
22575
22573
22571
22569
22567
22565
22563
22561
22559
22557
22555
22553
22551
22549
22547
22545
22543
22541
22539
22537
22535
22533
22531
22529
22527
22525
22523
22521
22519
22517
22515
22513
22511
22509
22507
22505
22503
22501
22499
22497
22495
22493
22491
22489
22487
22485
22483
22481
22479
22477
22475
22473
22471
22469
22467
22465
22463
22461
22459
22457
22455
22453
22451
22449
22447
22445
22443
22441
22439
22437
22435
22433
22431
22429
22427
22425
22423
22421
22419
22417
22415
22413
22411
22409
22407
22405
22403
22401
22399
22397
22395
22393
22391
22389
22387
22385
22383
22381
22379
22377
22375
22373
22371
22369
22367
22365
22363
22361
22359
22357
22355
22353
22351
22349
22347
22345
22343
22341
22339
22337
22335
22333
22331
22329
22327
22325
22323
22321
22319
22317
22315
22313
22311
22309
22307
22305
22303
22301
22299
22297
22295
22293
22291
22289
22287
22285
22283
22281
22279
22277
22275
22273
22271
22269
22267
22265
22263
22261
22259
22257
22255
22253
22251
22249
22247
22245
22243
22241
22239
22237
22235
22233
22231
22229
22227
22225
22223
22221
22219
22217
22215
22213
22211
22209
22207
22205
22203
22201
22199
22197
22195
22193
22191
22189
22187
22185
22183
22181
22179
22177
22175
22173
22171
22169
22167
22165
22163
22161
22159
22157
22155
22153
22151
22149
22147
22145
22143
22141
22139
22137
22135
22133
22131
22129
22127
22125
22123
22121
22119
22117
22115
22113
22111
22109
22107
22105
22103
22101
22099
22097
22095
22093
22091
22089
22087
22085
22083
22081
22079
22077
22075
22073
22071
22069
22067
22065
22063
22061
22059
22057
22055
22053
22051
22049
22047
22045
22043
22041
22039
22037
22035
22033
22031
22029
22027
22025
22023
22021
22019
22017
22015
22013
22011
22009
22007
22005
22003
22001
21999
21997
21995
21993
21991
21989
21987
21985
21983
21981
21979
21977
21975
21973
21971
21969
21967
21965
21963
21961
21959
21957
21955
21953
21951
21949
21947
21945
21943
21941
21939
21937
21935
21933
21931
21929
21927
21925
21923
21921
21919
21917
21915
21913
21911
21909
21907
21905
21903
21901
21899
21897
21895
21893
21891
21889
21887
21885
21883
21881
21879
21877
21875
21873
21871
21869
21867
21865
21863
21861
21859
21857
21855
21853
21851
21849
21847
21845
21843
21841
21839
21837
21835
21833
21831
21829
21827
21825
21823
21821
21819
21817
21815
21813
21811
21809
21807
21805
21803
21801
21799
21797
21795
21793
21791
21789
21787
21785
21783
21781
21779
21777
21775
21773
21771
21769
21767
21765
21763
21761
21759
21757
21755
21753
21751
21749
21747
21745
21743
21741
21739
21737
21735
21733
21731
21729
21727
21725
21723
21721
21719
21717
21715
21713
21711
21709
21707
21705
21703
21701
21699
21697
21695
21693
21691
21689
21687
21685
21683
21681
21679
21677
21675
21673
21671
21669
21667
21665
21663
21661
21659
21657
21655
21653
21651
21649
21647
21645
21643
21641
21639
21637
21635
21633
21631
21629
21627
21625
21623
21621
21619
21617
21615
21613
21611
21609
21607
21605
21603
21601
21599
21597
21595
21593
21591
21589
21587
21585
21583
21581
21579
21577
21575
21573
21571
21569
21567
21565
21563
21561
21559
21557
21555
21553
21551
21549
21547
21545
21543
21541
21539
21537
21535
21533
21531
21529
21527
21525
21523
21521
21519
21517
21515
21513
21511
21509
21507
21505
21503
21501
21499
21497
21495
21493
21491
21489
21487
21485
21483
21481
21479
21477
21475
21473
21471
21469
21467
21465
21463
21461
21459
21457
21455
21453
21451
21449
21447
21445
21443
21441
21439
21437
21435
21433
21431
21429
21427
21425
21423
21421
21419
21417
21415
21413
21411
21409
21407
21405
21403
21401
21399
21397
21395
21393
21391
21389
21387
21385
21383
21381
21379
21377
21375
21373
21371
21369
21367
21365
21363
21361
21359
21357
21355
21353
21351
21349
21347
21345
21343
21341
21339
21337
21335
21333
21331
21329
21327
21325
21323
21321
21319
21317
21315
21313
21311
21309
21307
21305
21303
21301
21299
21297
21295
21293
21291
21289
21287
21285
21283
21281
21279
21277
21275
21273
21271
21269
21267
21265
21263
21261
21259
21257
21255
21253
21251
21249
21247
21245
21243
21241
21239
21237
21235
21233
21231
21229
21227
21225
21223
21221
21219
21217
21215
21213
21211
21209
21207
21205
21203
21201
21199
21197
21195
21193
21191
21189
21187
21185
21183
21181
21179
21177
21175
21173
21171
21169
21167
21165
21163
21161
21159
21157
21155
21153
21151
21149
21147
21145
21143
21141
21139
21137
21135
21133
21131
21129
21127
21125
21123
21121
21119
21117
21115
21113
21111
21109
21107
21105
21103
21101
21099
21097
21095
21093
21091
21089
21087
21085
21083
21081
21079
21077
21075
21073
21071
21069
21067
21065
21063
21061
21059
21057
21055
21053
21051
21049
21047
21045
21043
21041
21039
21037
21035
21033
21031
21029
21027
21025
21023
21021
21019
21017
21015
21013
21011
21009
21007
21005
21003
21001
20999
20997
20995
20993
20991
20989
20987
20985
20983
20981
20979
20977
20975
20973
20971
20969
20967
20965
20963
20961
20959
20957
20955
20953
20951
20949
20947
20945
20943
20941
20939
20937
20935
20933
20931
20929
20927
20925
20923
20921
20919
20917
20915
20913
20911
20909
20907
20905
20903
20901
20899
20897
20895
20893
20891
20889
20887
20885
20883
20881
20879
20877
20875
20873
20871
20869
20867
20865
20863
20861
20859
20857
20855
20853
20851
20849
20847
20845
20843
20841
20839
20837
20835
20833
20831
20829
20827
20825
20823
20821
20819
20817
20815
20813
20811
20809
20807
20805
20803
20801
20799
20797
20795
20793
20791
20789
20787
20785
20783
20781
20779
20777
20775
20773
20771
20769
20767
20765
20763
20761
20759
20757
20755
20753
20751
20749
20747
20745
20743
20741
20739
20737
20735
20733
20731
20729
20727
20725
20723
20721
20719
20717
20715
20713
20711
20709
20707
20705
20703
20701
20699
20697
20695
20693
20691
20689
20687
20685
20683
20681
20679
20677
20675
20673
20671
20669
20667
20665
20663
20661
20659
20657
20655
20653
20651
20649
20647
20645
20643
20641
20639
20637
20635
20633
20631
20629
20627
20625
20623
20621
20619
20617
20615
20613
20611
20609
20607
20605
20603
20601
20599
20597
20595
20593
20591
20589
20587
20585
20583
20581
20579
20577
20575
20573
20571
20569
20567
20565
20563
20561
20559
20557
20555
20553
20551
20549
20547
20545
20543
20541
20539
20537
20535
20533
20531
20529
20527
20525
20523
20521
20519
20517
20515
20513
20511
20509
20507
20505
20503
20501
20499
20497
20495
20493
20491
20489
20487
20485
20483
20481
20479
20477
20475
20473
20471
20469
20467
20465
20463
20461
20459
20457
20455
20453
20451
20449
20447
20445
20443
20441
20439
20437
20435
20433
20431
20429
20427
20425
20423
20421
20419
20417
20415
20413
20411
20409
20407
20405
20403
20401
20399
20397
20395
20393
20391
20389
20387
20385
20383
20381
20379
20377
20375
20373
20371
20369
20367
20365
20363
20361
20359
20357
20355
20353
20351
20349
20347
20345
20343
20341
20339
20337
20335
20333
20331
20329
20327
20325
20323
20321
20319
20317
20315
20313
20311
20309
20307
20305
20303
20301
20299
20297
20295
20293
20291
20289
20287
20285
20283
20281
20279
20277
20275
20273
20271
20269
20267
20265
20263
20261
20259
20257
20255
20253
20251
20249
20247
20245
20243
20241
20239
20237
20235
20233
20231
20229
20227
20225
20223
20221
20219
20217
20215
20213
20211
20209
20207
20205
20203
20201
20199
20197
20195
20193
20191
20189
20187
20185
20183
20181
20179
20177
20175
20173
20171
20169
20167
20165
20163
20161
20159
20157
20155
20153
20151
20149
20147
20145
20143
20141
20139
20137
20135
20133
20131
20129
20127
20125
20123
20121
20119
20117
20115
20113
20111
20109
20107
20105
20103
20101
20099
20097
20095
20093
20091
20089
20087
20085
20083
20081
20079
20077
20075
20073
20071
20069
20067
20065
20063
20061
20059
20057
20055
20053
20051
20049
20047
20045
20043
20041
20039
20037
20035
20033
20031
20029
20027
20025
20023
20021
20019
20017
20015
20013
20011
20009
20007
20005
20003
20001
19999
19997
19995
19993
19991
19989
19987
19985
19983
19981
19979
19977
19975
19973
19971
19969
19967
19965
19963
19961
19959
19957
19955
19953
19951
19949
19947
19945
19943
19941
19939
19937
19935
19933
19931
19929
19927
19925
19923
19921
19919
19917
19915
19913
19911
19909
19907
19905
19903
19901
19899
19897
19895
19893
19891
19889
19887
19885
19883
19881
19879
19877
19875
19873
19871
19869
19867
19865
19863
19861
19859
19857
19855
19853
19851
19849
19847
19845
19843
19841
19839
19837
19835
19833
19831
19829
19827
19825
19823
19821
19819
19817
19815
19813
19811
19809
19807
19805
19803
19801
19799
19797
19795
19793
19791
19789
19787
19785
19783
19781
19779
19777
19775
19773
19771
19769
19767
19765
19763
19761
19759
19757
19755
19753
19751
19749
19747
19745
19743
19741
19739
19737
19735
19733
19731
19729
19727
19725
19723
19721
19719
19717
19715
19713
19711
19709
19707
19705
19703
19701
19699
19697
19695
19693
19691
19689
19687
19685
19683
19681
19679
19677
19675
19673
19671
19669
19667
19665
19663
19661
19659
19657
19655
19653
19651
19649
19647
19645
19643
19641
19639
19637
19635
19633
19631
19629
19627
19625
19623
19621
19619
19617
19615
19613
19611
19609
19607
19605
19603
19601
19599
19597
19595
19593
19591
19589
19587
19585
19583
19581
19579
19577
19575
19573
19571
19569
19567
19565
19563
19561
19559
19557
19555
19553
19551
19549
19547
19545
19543
19541
19539
19537
19535
19533
19531
19529
19527
19525
19523
19521
19519
19517
19515
19513
19511
19509
19507
19505
19503
19501
19499
19497
19495
19493
19491
19489
19487
19485
19483
19481
19479
19477
19475
19473
19471
19469
19467
19465
19463
19461
19459
19457
19455
19453
19451
19449
19447
19445
19443
19441
19439
19437
19435
19433
19431
19429
19427
19425
19423
19421
19419
19417
19415
19413
19411
19409
19407
19405
19403
19401
19399
19397
19395
19393
19391
19389
19387
19385
19383
19381
19379
19377
19375
19373
19371
19369
19367
19365
19363
19361
19359
19357
19355
19353
19351
19349
19347
19345
19343
19341
19339
19337
19335
19333
19331
19329
19327
19325
19323
19321
19319
19317
19315
19313
19311
19309
19307
19305
19303
19301
19299
19297
19295
19293
19291
19289
19287
19285
19283
19281
19279
19277
19275
19273
19271
19269
19267
19265
19263
19261
19259
19257
19255
19253
19251
19249
19247
19245
19243
19241
19239
19237
19235
19233
19231
19229
19227
19225
19223
19221
19219
19217
19215
19213
19211
19209
19207
19205
19203
19201
19199
19197
19195
19193
19191
19189
19187
19185
19183
19181
19179
19177
19175
19173
19171
19169
19167
19165
19163
19161
19159
19157
19155
19153
19151
19149
19147
19145
19143
19141
19139
19137
19135
19133
19131
19129
19127
19125
19123
19121
19119
19117
19115
19113
19111
19109
19107
19105
19103
19101
19099
19097
19095
19093
19091
19089
19087
19085
19083
19081
19079
19077
19075
19073
19071
19069
19067
19065
19063
19061
19059
19057
19055
19053
19051
19049
19047
19045
19043
19041
19039
19037
19035
19033
19031
19029
19027
19025
19023
19021
19019
19017
19015
19013
19011
19009
19007
19005
19003
19001
18999
18997
18995
18993
18991
18989
18987
18985
18983
18981
18979
18977
18975
18973
18971
18969
18967
18965
18963
18961
18959
18957
18955
18953
18951
18949
18947
18945
18943
18941
18939
18937
18935
18933
18931
18929
18927
18925
18923
18921
18919
18917
18915
18913
18911
18909
18907
18905
18903
18901
18899
18897
18895
18893
18891
18889
18887
18885
18883
18881
18879
18877
18875
18873
18871
18869
18867
18865
18863
18861
18859
18857
18855
18853
18851
18849
18847
18845
18843
18841
18839
18837
18835
18833
18831
18829
18827
18825
18823
18821
18819
18817
18815
18813
18811
18809
18807
18805
18803
18801
18799
18797
18795
18793
18791
18789
18787
18785
18783
18781
18779
18777
18775
18773
18771
18769
18767
18765
18763
18761
18759
18757
18755
18753
18751
18749
18747
18745
18743
18741
18739
18737
18735
18733
18731
18729
18727
18725
18723
18721
18719
18717
18715
18713
18711
18709
18707
18705
18703
18701
18699
18697
18695
18693
18691
18689
18687
18685
18683
18681
18679
18677
18675
18673
18671
18669
18667
18665
18663
18661
18659
18657
18655
18653
18651
18649
18647
18645
18643
18641
18639
18637
18635
18633
18631
18629
18627
18625
18623
18621
18619
18617
18615
18613
18611
18609
18607
18605
18603
18601
18599
18597
18595
18593
18591
18589
18587
18585
18583
18581
18579
18577
18575
18573
18571
18569
18567
18565
18563
18561
18559
18557
18555
18553
18551
18549
18547
18545
18543
18541
18539
18537
18535
18533
18531
18529
18527
18525
18523
18521
18519
18517
18515
18513
18511
18509
18507
18505
18503
18501
18499
18497
18495
18493
18491
18489
18487
18485
18483
18481
18479
18477
18475
18473
18471
18469
18467
18465
18463
18461
18459
18457
18455
18453
18451
18449
18447
18445
18443
18441
18439
18437
18435
18433
18431
18429
18427
18425
18423
18421
18419
18417
18415
18413
18411
18409
18407
18405
18403
18401
18399
18397
18395
18393
18391
18389
18387
18385
18383
18381
18379
18377
18375
18373
18371
18369
18367
18365
18363
18361
18359
18357
18355
18353
18351
18349
18347
18345
18343
18341
18339
18337
18335
18333
18331
18329
18327
18325
18323
18321
18319
18317
18315
18313
18311
18309
18307
18305
18303
18301
18299
18297
18295
18293
18291
18289
18287
18285
18283
18281
18279
18277
18275
18273
18271
18269
18267
18265
18263
18261
18259
18257
18255
18253
18251
18249
18247
18245
18243
18241
18239
18237
18235
18233
18231
18229
18227
18225
18223
18221
18219
18217
18215
18213
18211
18209
18207
18205
18203
18201
18199
18197
18195
18193
18191
18189
18187
18185
18183
18181
18179
18177
18175
18173
18171
18169
18167
18165
18163
18161
18159
18157
18155
18153
18151
18149
18147
18145
18143
18141
18139
18137
18135
18133
18131
18129
18127
18125
18123
18121
18119
18117
18115
18113
18111
18109
18107
18105
18103
18101
18099
18097
18095
18093
18091
18089
18087
18085
18083
18081
18079
18077
18075
18073
18071
18069
18067
18065
18063
18061
18059
18057
18055
18053
18051
18049
18047
18045
18043
18041
18039
18037
18035
18033
18031
18029
18027
18025
18023
18021
18019
18017
18015
18013
18011
18009
18007
18005
18003
18001
17999
17997
17995
17993
17991
17989
17987
17985
17983
17981
17979
17977
17975
17973
17971
17969
17967
17965
17963
17961
17959
17957
17955
17953
17951
17949
17947
17945
17943
17941
17939
17937
17935
17933
17931
17929
17927
17925
17923
17921
17919
17917
17915
17913
17911
17909
17907
17905
17903
17901
17899
17897
17895
17893
17891
17889
17887
17885
17883
17881
17879
17877
17875
17873
17871
17869
17867
17865
17863
17861
17859
17857
17855
17853
17851
17849
17847
17845
17843
17841
17839
17837
17835
17833
17831
17829
17827
17825
17823
17821
17819
17817
17815
17813
17811
17809
17807
17805
17803
17801
17799
17797
17795
17793
17791
17789
17787
17785
17783
17781
17779
17777
17775
17773
17771
17769
17767
17765
17763
17761
17759
17757
17755
17753
17751
17749
17747
17745
17743
17741
17739
17737
17735
17733
17731
17729
17727
17725
17723
17721
17719
17717
17715
17713
17711
17709
17707
17705
17703
17701
17699
17697
17695
17693
17691
17689
17687
17685
17683
17681
17679
17677
17675
17673
17671
17669
17667
17665
17663
17661
17659
17657
17655
17653
17651
17649
17647
17645
17643
17641
17639
17637
17635
17633
17631
17629
17627
17625
17623
17621
17619
17617
17615
17613
17611
17609
17607
17605
17603
17601
17599
17597
17595
17593
17591
17589
17587
17585
17583
17581
17579
17577
17575
17573
17571
17569
17567
17565
17563
17561
17559
17557
17555
17553
17551
17549
17547
17545
17543
17541
17539
17537
17535
17533
17531
17529
17527
17525
17523
17521
17519
17517
17515
17513
17511
17509
17507
17505
17503
17501
17499
17497
17495
17493
17491
17489
17487
17485
17483
17481
17479
17477
17475
17473
17471
17469
17467
17465
17463
17461
17459
17457
17455
17453
17451
17449
17447
17445
17443
17441
17439
17437
17435
17433
17431
17429
17427
17425
17423
17421
17419
17417
17415
17413
17411
17409
17407
17405
17403
17401
17399
17397
17395
17393
17391
17389
17387
17385
17383
17381
17379
17377
17375
17373
17371
17369
17367
17365
17363
17361
17359
17357
17355
17353
17351
17349
17347
17345
17343
17341
17339
17337
17335
17333
17331
17329
17327
17325
17323
17321
17319
17317
17315
17313
17311
17309
17307
17305
17303
17301
17299
17297
17295
17293
17291
17289
17287
17285
17283
17281
17279
17277
17275
17273
17271
17269
17267
17265
17263
17261
17259
17257
17255
17253
17251
17249
17247
17245
17243
17241
17239
17237
17235
17233
17231
17229
17227
17225
17223
17221
17219
17217
17215
17213
17211
17209
17207
17205
17203
17201
17199
17197
17195
17193
17191
17189
17187
17185
17183
17181
17179
17177
17175
17173
17171
17169
17167
17165
17163
17161
17159
17157
17155
17153
17151
17149
17147
17145
17143
17141
17139
17137
17135
17133
17131
17129
17127
17125
17123
17121
17119
17117
17115
17113
17111
17109
17107
17105
17103
17101
17099
17097
17095
17093
17091
17089
17087
17085
17083
17081
17079
17077
17075
17073
17071
17069
17067
17065
17063
17061
17059
17057
17055
17053
17051
17049
17047
17045
17043
17041
17039
17037
17035
17033
17031
17029
17027
17025
17023
17021
17019
17017
17015
17013
17011
17009
17007
17005
17003
17001
16999
16997
16995
16993
16991
16989
16987
16985
16983
16981
16979
16977
16975
16973
16971
16969
16967
16965
16963
16961
16959
16957
16955
16953
16951
16949
16947
16945
16943
16941
16939
16937
16935
16933
16931
16929
16927
16925
16923
16921
16919
16917
16915
16913
16911
16909
16907
16905
16903
16901
16899
16897
16895
16893
16891
16889
16887
16885
16883
16881
16879
16877
16875
16873
16871
16869
16867
16865
16863
16861
16859
16857
16855
16853
16851
16849
16847
16845
16843
16841
16839
16837
16835
16833
16831
16829
16827
16825
16823
16821
16819
16817
16815
16813
16811
16809
16807
16805
16803
16801
16799
16797
16795
16793
16791
16789
16787
16785
16783
16781
16779
16777
16775
16773
16771
16769
16767
16765
16763
16761
16759
16757
16755
16753
16751
16749
16747
16745
16743
16741
16739
16737
16735
16733
16731
16729
16727
16725
16723
16721
16719
16717
16715
16713
16711
16709
16707
16705
16703
16701
16699
16697
16695
16693
16691
16689
16687
16685
16683
16681
16679
16677
16675
16673
16671
16669
16667
16665
16663
16661
16659
16657
16655
16653
16651
16649
16647
16645
16643
16641
16639
16637
16635
16633
16631
16629
16627
16625
16623
16621
16619
16617
16615
16613
16611
16609
16607
16605
16603
16601
16599
16597
16595
16593
16591
16589
16587
16585
16583
16581
16579
16577
16575
16573
16571
16569
16567
16565
16563
16561
16559
16557
16555
16553
16551
16549
16547
16545
16543
16541
16539
16537
16535
16533
16531
16529
16527
16525
16523
16521
16519
16517
16515
16513
16511
16509
16507
16505
16503
16501
16499
16497
16495
16493
16491
16489
16487
16485
16483
16481
16479
16477
16475
16473
16471
16469
16467
16465
16463
16461
16459
16457
16455
16453
16451
16449
16447
16445
16443
16441
16439
16437
16435
16433
16431
16429
16427
16425
16423
16421
16419
16417
16415
16413
16411
16409
16407
16405
16403
16401
16399
16397
16395
16393
16391
16389
16387
16385
16383
16381
16379
16377
16375
16373
16371
16369
16367
16365
16363
16361
16359
16357
16355
16353
16351
16349
16347
16345
16343
16341
16339
16337
16335
16333
16331
16329
16327
16325
16323
16321
16319
16317
16315
16313
16311
16309
16307
16305
16303
16301
16299
16297
16295
16293
16291
16289
16287
16285
16283
16281
16279
16277
16275
16273
16271
16269
16267
16265
16263
16261
16259
16257
16255
16253
16251
16249
16247
16245
16243
16241
16239
16237
16235
16233
16231
16229
16227
16225
16223
16221
16219
16217
16215
16213
16211
16209
16207
16205
16203
16201
16199
16197
16195
16193
16191
16189
16187
16185
16183
16181
16179
16177
16175
16173
16171
16169
16167
16165
16163
16161
16159
16157
16155
16153
16151
16149
16147
16145
16143
16141
16139
16137
16135
16133
16131
16129
16127
16125
16123
16121
16119
16117
16115
16113
16111
16109
16107
16105
16103
16101
16099
16097
16095
16093
16091
16089
16087
16085
16083
16081
16079
16077
16075
16073
16071
16069
16067
16065
16063
16061
16059
16057
16055
16053
16051
16049
16047
16045
16043
16041
16039
16037
16035
16033
16031
16029
16027
16025
16023
16021
16019
16017
16015
16013
16011
16009
16007
16005
16003
16001
15999
15997
15995
15993
15991
15989
15987
15985
15983
15981
15979
15977
15975
15973
15971
15969
15967
15965
15963
15961
15959
15957
15955
15953
15951
15949
15947
15945
15943
15941
15939
15937
15935
15933
15931
15929
15927
15925
15923
15921
15919
15917
15915
15913
15911
15909
15907
15905
15903
15901
15899
15897
15895
15893
15891
15889
15887
15885
15883
15881
15879
15877
15875
15873
15871
15869
15867
15865
15863
15861
15859
15857
15855
15853
15851
15849
15847
15845
15843
15841
15839
15837
15835
15833
15831
15829
15827
15825
15823
15821
15819
15817
15815
15813
15811
15809
15807
15805
15803
15801
15799
15797
15795
15793
15791
15789
15787
15785
15783
15781
15779
15777
15775
15773
15771
15769
15767
15765
15763
15761
15759
15757
15755
15753
15751
15749
15747
15745
15743
15741
15739
15737
15735
15733
15731
15729
15727
15725
15723
15721
15719
15717
15715
15713
15711
15709
15707
15705
15703
15701
15699
15697
15695
15693
15691
15689
15687
15685
15683
15681
15679
15677
15675
15673
15671
15669
15667
15665
15663
15661
15659
15657
15655
15653
15651
15649
15647
15645
15643
15641
15639
15637
15635
15633
15631
15629
15627
15625
15623
15621
15619
15617
15615
15613
15611
15609
15607
15605
15603
15601
15599
15597
15595
15593
15591
15589
15587
15585
15583
15581
15579
15577
15575
15573
15571
15569
15567
15565
15563
15561
15559
15557
15555
15553
15551
15549
15547
15545
15543
15541
15539
15537
15535
15533
15531
15529
15527
15525
15523
15521
15519
15517
15515
15513
15511
15509
15507
15505
15503
15501
15499
15497
15495
15493
15491
15489
15487
15485
15483
15481
15479
15477
15475
15473
15471
15469
15467
15465
15463
15461
15459
15457
15455
15453
15451
15449
15447
15445
15443
15441
15439
15437
15435
15433
15431
15429
15427
15425
15423
15421
15419
15417
15415
15413
15411
15409
15407
15405
15403
15401
15399
15397
15395
15393
15391
15389
15387
15385
15383
15381
15379
15377
15375
15373
15371
15369
15367
15365
15363
15361
15359
15357
15355
15353
15351
15349
15347
15345
15343
15341
15339
15337
15335
15333
15331
15329
15327
15325
15323
15321
15319
15317
15315
15313
15311
15309
15307
15305
15303
15301
15299
15297
15295
15293
15291
15289
15287
15285
15283
15281
15279
15277
15275
15273
15271
15269
15267
15265
15263
15261
15259
15257
15255
15253
15251
15249
15247
15245
15243
15241
15239
15237
15235
15233
15231
15229
15227
15225
15223
15221
15219
15217
15215
15213
15211
15209
15207
15205
15203
15201
15199
15197
15195
15193
15191
15189
15187
15185
15183
15181
15179
15177
15175
15173
15171
15169
15167
15165
15163
15161
15159
15157
15155
15153
15151
15149
15147
15145
15143
15141
15139
15137
15135
15133
15131
15129
15127
15125
15123
15121
15119
15117
15115
15113
15111
15109
15107
15105
15103
15101
15099
15097
15095
15093
15091
15089
15087
15085
15083
15081
15079
15077
15075
15073
15071
15069
15067
15065
15063
15061
15059
15057
15055
15053
15051
15049
15047
15045
15043
15041
15039
15037
15035
15033
15031
15029
15027
15025
15023
15021
15019
15017
15015
15013
15011
15009
15007
15005
15003
15001
14999
14997
14995
14993
14991
14989
14987
14985
14983
14981
14979
14977
14975
14973
14971
14969
14967
14965
14963
14961
14959
14957
14955
14953
14951
14949
14947
14945
14943
14941
14939
14937
14935
14933
14931
14929
14927
14925
14923
14921
14919
14917
14915
14913
14911
14909
14907
14905
14903
14901
14899
14897
14895
14893
14891
14889
14887
14885
14883
14881
14879
14877
14875
14873
14871
14869
14867
14865
14863
14861
14859
14857
14855
14853
14851
14849
14847
14845
14843
14841
14839
14837
14835
14833
14831
14829
14827
14825
14823
14821
14819
14817
14815
14813
14811
14809
14807
14805
14803
14801
14799
14797
14795
14793
14791
14789
14787
14785
14783
14781
14779
14777
14775
14773
14771
14769
14767
14765
14763
14761
14759
14757
14755
14753
14751
14749
14747
14745
14743
14741
14739
14737
14735
14733
14731
14729
14727
14725
14723
14721
14719
14717
14715
14713
14711
14709
14707
14705
14703
14701
14699
14697
14695
14693
14691
14689
14687
14685
14683
14681
14679
14677
14675
14673
14671
14669
14667
14665
14663
14661
14659
14657
14655
14653
14651
14649
14647
14645
14643
14641
14639
14637
14635
14633
14631
14629
14627
14625
14623
14621
14619
14617
14615
14613
14611
14609
14607
14605
14603
14601
14599
14597
14595
14593
14591
14589
14587
14585
14583
14581
14579
14577
14575
14573
14571
14569
14567
14565
14563
14561
14559
14557
14555
14553
14551
14549
14547
14545
14543
14541
14539
14537
14535
14533
14531
14529
14527
14525
14523
14521
14519
14517
14515
14513
14511
14509
14507
14505
14503
14501
14499
14497
14495
14493
14491
14489
14487
14485
14483
14481
14479
14477
14475
14473
14471
14469
14467
14465
14463
14461
14459
14457
14455
14453
14451
14449
14447
14445
14443
14441
14439
14437
14435
14433
14431
14429
14427
14425
14423
14421
14419
14417
14415
14413
14411
14409
14407
14405
14403
14401
14399
14397
14395
14393
14391
14389
14387
14385
14383
14381
14379
14377
14375
14373
14371
14369
14367
14365
14363
14361
14359
14357
14355
14353
14351
14349
14347
14345
14343
14341
14339
14337
14335
14333
14331
14329
14327
14325
14323
14321
14319
14317
14315
14313
14311
14309
14307
14305
14303
14301
14299
14297
14295
14293
14291
14289
14287
14285
14283
14281
14279
14277
14275
14273
14271
14269
14267
14265
14263
14261
14259
14257
14255
14253
14251
14249
14247
14245
14243
14241
14239
14237
14235
14233
14231
14229
14227
14225
14223
14221
14219
14217
14215
14213
14211
14209
14207
14205
14203
14201
14199
14197
14195
14193
14191
14189
14187
14185
14183
14181
14179
14177
14175
14173
14171
14169
14167
14165
14163
14161
14159
14157
14155
14153
14151
14149
14147
14145
14143
14141
14139
14137
14135
14133
14131
14129
14127
14125
14123
14121
14119
14117
14115
14113
14111
14109
14107
14105
14103
14101
14099
14097
14095
14093
14091
14089
14087
14085
14083
14081
14079
14077
14075
14073
14071
14069
14067
14065
14063
14061
14059
14057
14055
14053
14051
14049
14047
14045
14043
14041
14039
14037
14035
14033
14031
14029
14027
14025
14023
14021
14019
14017
14015
14013
14011
14009
14007
14005
14003
14001
13999
13997
13995
13993
13991
13989
13987
13985
13983
13981
13979
13977
13975
13973
13971
13969
13967
13965
13963
13961
13959
13957
13955
13953
13951
13949
13947
13945
13943
13941
13939
13937
13935
13933
13931
13929
13927
13925
13923
13921
13919
13917
13915
13913
13911
13909
13907
13905
13903
13901
13899
13897
13895
13893
13891
13889
13887
13885
13883
13881
13879
13877
13875
13873
13871
13869
13867
13865
13863
13861
13859
13857
13855
13853
13851
13849
13847
13845
13843
13841
13839
13837
13835
13833
13831
13829
13827
13825
13823
13821
13819
13817
13815
13813
13811
13809
13807
13805
13803
13801
13799
13797
13795
13793
13791
13789
13787
13785
13783
13781
13779
13777
13775
13773
13771
13769
13767
13765
13763
13761
13759
13757
13755
13753
13751
13749
13747
13745
13743
13741
13739
13737
13735
13733
13731
13729
13727
13725
13723
13721
13719
13717
13715
13713
13711
13709
13707
13705
13703
13701
13699
13697
13695
13693
13691
13689
13687
13685
13683
13681
13679
13677
13675
13673
13671
13669
13667
13665
13663
13661
13659
13657
13655
13653
13651
13649
13647
13645
13643
13641
13639
13637
13635
13633
13631
13629
13627
13625
13623
13621
13619
13617
13615
13613
13611
13609
13607
13605
13603
13601
13599
13597
13595
13593
13591
13589
13587
13585
13583
13581
13579
13577
13575
13573
13571
13569
13567
13565
13563
13561
13559
13557
13555
13553
13551
13549
13547
13545
13543
13541
13539
13537
13535
13533
13531
13529
13527
13525
13523
13521
13519
13517
13515
13513
13511
13509
13507
13505
13503
13501
13499
13497
13495
13493
13491
13489
13487
13485
13483
13481
13479
13477
13475
13473
13471
13469
13467
13465
13463
13461
13459
13457
13455
13453
13451
13449
13447
13445
13443
13441
13439
13437
13435
13433
13431
13429
13427
13425
13423
13421
13419
13417
13415
13413
13411
13409
13407
13405
13403
13401
13399
13397
13395
13393
13391
13389
13387
13385
13383
13381
13379
13377
13375
13373
13371
13369
13367
13365
13363
13361
13359
13357
13355
13353
13351
13349
13347
13345
13343
13341
13339
13337
13335
13333
13331
13329
13327
13325
13323
13321
13319
13317
13315
13313
13311
13309
13307
13305
13303
13301
13299
13297
13295
13293
13291
13289
13287
13285
13283
13281
13279
13277
13275
13273
13271
13269
13267
13265
13263
13261
13259
13257
13255
13253
13251
13249
13247
13245
13243
13241
13239
13237
13235
13233
13231
13229
13227
13225
13223
13221
13219
13217
13215
13213
13211
13209
13207
13205
13203
13201
13199
13197
13195
13193
13191
13189
13187
13185
13183
13181
13179
13177
13175
13173
13171
13169
13167
13165
13163
13161
13159
13157
13155
13153
13151
13149
13147
13145
13143
13141
13139
13137
13135
13133
13131
13129
13127
13125
13123
13121
13119
13117
13115
13113
13111
13109
13107
13105
13103
13101
13099
13097
13095
13093
13091
13089
13087
13085
13083
13081
13079
13077
13075
13073
13071
13069
13067
13065
13063
13061
13059
13057
13055
13053
13051
13049
13047
13045
13043
13041
13039
13037
13035
13033
13031
13029
13027
13025
13023
13021
13019
13017
13015
13013
13011
13009
13007
13005
13003
13001
12999
12997
12995
12993
12991
12989
12987
12985
12983
12981
12979
12977
12975
12973
12971
12969
12967
12965
12963
12961
12959
12957
12955
12953
12951
12949
12947
12945
12943
12941
12939
12937
12935
12933
12931
12929
12927
12925
12923
12921
12919
12917
12915
12913
12911
12909
12907
12905
12903
12901
12899
12897
12895
12893
12891
12889
12887
12885
12883
12881
12879
12877
12875
12873
12871
12869
12867
12865
12863
12861
12859
12857
12855
12853
12851
12849
12847
12845
12843
12841
12839
12837
12835
12833
12831
12829
12827
12825
12823
12821
12819
12817
12815
12813
12811
12809
12807
12805
12803
12801
12799
12797
12795
12793
12791
12789
12787
12785
12783
12781
12779
12777
12775
12773
12771
12769
12767
12765
12763
12761
12759
12757
12755
12753
12751
12749
12747
12745
12743
12741
12739
12737
12735
12733
12731
12729
12727
12725
12723
12721
12719
12717
12715
12713
12711
12709
12707
12705
12703
12701
12699
12697
12695
12693
12691
12689
12687
12685
12683
12681
12679
12677
12675
12673
12671
12669
12667
12665
12663
12661
12659
12657
12655
12653
12651
12649
12647
12645
12643
12641
12639
12637
12635
12633
12631
12629
12627
12625
12623
12621
12619
12617
12615
12613
12611
12609
12607
12605
12603
12601
12599
12597
12595
12593
12591
12589
12587
12585
12583
12581
12579
12577
12575
12573
12571
12569
12567
12565
12563
12561
12559
12557
12555
12553
12551
12549
12547
12545
12543
12541
12539
12537
12535
12533
12531
12529
12527
12525
12523
12521
12519
12517
12515
12513
12511
12509
12507
12505
12503
12501
12499
12497
12495
12493
12491
12489
12487
12485
12483
12481
12479
12477
12475
12473
12471
12469
12467
12465
12463
12461
12459
12457
12455
12453
12451
12449
12447
12445
12443
12441
12439
12437
12435
12433
12431
12429
12427
12425
12423
12421
12419
12417
12415
12413
12411
12409
12407
12405
12403
12401
12399
12397
12395
12393
12391
12389
12387
12385
12383
12381
12379
12377
12375
12373
12371
12369
12367
12365
12363
12361
12359
12357
12355
12353
12351
12349
12347
12345
12343
12341
12339
12337
12335
12333
12331
12329
12327
12325
12323
12321
12319
12317
12315
12313
12311
12309
12307
12305
12303
12301
12299
12297
12295
12293
12291
12289
12287
12285
12283
12281
12279
12277
12275
12273
12271
12269
12267
12265
12263
12261
12259
12257
12255
12253
12251
12249
12247
12245
12243
12241
12239
12237
12235
12233
12231
12229
12227
12225
12223
12221
12219
12217
12215
12213
12211
12209
12207
12205
12203
12201
12199
12197
12195
12193
12191
12189
12187
12185
12183
12181
12179
12177
12175
12173
12171
12169
12167
12165
12163
12161
12159
12157
12155
12153
12151
12149
12147
12145
12143
12141
12139
12137
12135
12133
12131
12129
12127
12125
12123
12121
12119
12117
12115
12113
12111
12109
12107
12105
12103
12101
12099
12097
12095
12093
12091
12089
12087
12085
12083
12081
12079
12077
12075
12073
12071
12069
12067
12065
12063
12061
12059
12057
12055
12053
12051
12049
12047
12045
12043
12041
12039
12037
12035
12033
12031
12029
12027
12025
12023
12021
12019
12017
12015
12013
12011
12009
12007
12005
12003
12001
11999
11997
11995
11993
11991
11989
11987
11985
11983
11981
11979
11977
11975
11973
11971
11969
11967
11965
11963
11961
11959
11957
11955
11953
11951
11949
11947
11945
11943
11941
11939
11937
11935
11933
11931
11929
11927
11925
11923
11921
11919
11917
11915
11913
11911
11909
11907
11905
11903
11901
11899
11897
11895
11893
11891
11889
11887
11885
11883
11881
11879
11877
11875
11873
11871
11869
11867
11865
11863
11861
11859
11857
11855
11853
11851
11849
11847
11845
11843
11841
11839
11837
11835
11833
11831
11829
11827
11825
11823
11821
11819
11817
11815
11813
11811
11809
11807
11805
11803
11801
11799
11797
11795
11793
11791
11789
11787
11785
11783
11781
11779
11777
11775
11773
11771
11769
11767
11765
11763
11761
11759
11757
11755
11753
11751
11749
11747
11745
11743
11741
11739
11737
11735
11733
11731
11729
11727
11725
11723
11721
11719
11717
11715
11713
11711
11709
11707
11705
11703
11701
11699
11697
11695
11693
11691
11689
11687
11685
11683
11681
11679
11677
11675
11673
11671
11669
11667
11665
11663
11661
11659
11657
11655
11653
11651
11649
11647
11645
11643
11641
11639
11637
11635
11633
11631
11629
11627
11625
11623
11621
11619
11617
11615
11613
11611
11609
11607
11605
11603
11601
11599
11597
11595
11593
11591
11589
11587
11585
11583
11581
11579
11577
11575
11573
11571
11569
11567
11565
11563
11561
11559
11557
11555
11553
11551
11549
11547
11545
11543
11541
11539
11537
11535
11533
11531
11529
11527
11525
11523
11521
11519
11517
11515
11513
11511
11509
11507
11505
11503
11501
11499
11497
11495
11493
11491
11489
11487
11485
11483
11481
11479
11477
11475
11473
11471
11469
11467
11465
11463
11461
11459
11457
11455
11453
11451
11449
11447
11445
11443
11441
11439
11437
11435
11433
11431
11429
11427
11425
11423
11421
11419
11417
11415
11413
11411
11409
11407
11405
11403
11401
11399
11397
11395
11393
11391
11389
11387
11385
11383
11381
11379
11377
11375
11373
11371
11369
11367
11365
11363
11361
11359
11357
11355
11353
11351
11349
11347
11345
11343
11341
11339
11337
11335
11333
11331
11329
11327
11325
11323
11321
11319
11317
11315
11313
11311
11309
11307
11305
11303
11301
11299
11297
11295
11293
11291
11289
11287
11285
11283
11281
11279
11277
11275
11273
11271
11269
11267
11265
11263
11261
11259
11257
11255
11253
11251
11249
11247
11245
11243
11241
11239
11237
11235
11233
11231
11229
11227
11225
11223
11221
11219
11217
11215
11213
11211
11209
11207
11205
11203
11201
11199
11197
11195
11193
11191
11189
11187
11185
11183
11181
11179
11177
11175
11173
11171
11169
11167
11165
11163
11161
11159
11157
11155
11153
11151
11149
11147
11145
11143
11141
11139
11137
11135
11133
11131
11129
11127
11125
11123
11121
11119
11117
11115
11113
11111
11109
11107
11105
11103
11101
11099
11097
11095
11093
11091
11089
11087
11085
11083
11081
11079
11077
11075
11073
11071
11069
11067
11065
11063
11061
11059
11057
11055
11053
11051
11049
11047
11045
11043
11041
11039
11037
11035
11033
11031
11029
11027
11025
11023
11021
11019
11017
11015
11013
11011
11009
11007
11005
11003
11001
10999
10997
10995
10993
10991
10989
10987
10985
10983
10981
10979
10977
10975
10973
10971
10969
10967
10965
10963
10961
10959
10957
10955
10953
10951
10949
10947
10945
10943
10941
10939
10937
10935
10933
10931
10929
10927
10925
10923
10921
10919
10917
10915
10913
10911
10909
10907
10905
10903
10901
10899
10897
10895
10893
10891
10889
10887
10885
10883
10881
10879
10877
10875
10873
10871
10869
10867
10865
10863
10861
10859
10857
10855
10853
10851
10849
10847
10845
10843
10841
10839
10837
10835
10833
10831
10829
10827
10825
10823
10821
10819
10817
10815
10813
10811
10809
10807
10805
10803
10801
10799
10797
10795
10793
10791
10789
10787
10785
10783
10781
10779
10777
10775
10773
10771
10769
10767
10765
10763
10761
10759
10757
10755
10753
10751
10749
10747
10745
10743
10741
10739
10737
10735
10733
10731
10729
10727
10725
10723
10721
10719
10717
10715
10713
10711
10709
10707
10705
10703
10701
10699
10697
10695
10693
10691
10689
10687
10685
10683
10681
10679
10677
10675
10673
10671
10669
10667
10665
10663
10661
10659
10657
10655
10653
10651
10649
10647
10645
10643
10641
10639
10637
10635
10633
10631
10629
10627
10625
10623
10621
10619
10617
10615
10613
10611
10609
10607
10605
10603
10601
10599
10597
10595
10593
10591
10589
10587
10585
10583
10581
10579
10577
10575
10573
10571
10569
10567
10565
10563
10561
10559
10557
10555
10553
10551
10549
10547
10545
10543
10541
10539
10537
10535
10533
10531
10529
10527
10525
10523
10521
10519
10517
10515
10513
10511
10509
10507
10505
10503
10501
10499
10497
10495
10493
10491
10489
10487
10485
10483
10481
10479
10477
10475
10473
10471
10469
10467
10465
10463
10461
10459
10457
10455
10453
10451
10449
10447
10445
10443
10441
10439
10437
10435
10433
10431
10429
10427
10425
10423
10421
10419
10417
10415
10413
10411
10409
10407
10405
10403
10401
10399
10397
10395
10393
10391
10389
10387
10385
10383
10381
10379
10377
10375
10373
10371
10369
10367
10365
10363
10361
10359
10357
10355
10353
10351
10349
10347
10345
10343
10341
10339
10337
10335
10333
10331
10329
10327
10325
10323
10321
10319
10317
10315
10313
10311
10309
10307
10305
10303
10301
10299
10297
10295
10293
10291
10289
10287
10285
10283
10281
10279
10277
10275
10273
10271
10269
10267
10265
10263
10261
10259
10257
10255
10253
10251
10249
10247
10245
10243
10241
10239
10237
10235
10233
10231
10229
10227
10225
10223
10221
10219
10217
10215
10213
10211
10209
10207
10205
10203
10201
10199
10197
10195
10193
10191
10189
10187
10185
10183
10181
10179
10177
10175
10173
10171
10169
10167
10165
10163
10161
10159
10157
10155
10153
10151
10149
10147
10145
10143
10141
10139
10137
10135
10133
10131
10129
10127
10125
10123
10121
10119
10117
10115
10113
10111
10109
10107
10105
10103
10101
10099
10097
10095
10093
10091
10089
10087
10085
10083
10081
10079
10077
10075
10073
10071
10069
10067
10065
10063
10061
10059
10057
10055
10053
10051
10049
10047
10045
10043
10041
10039
10037
10035
10033
10031
10029
10027
10025
10023
10021
10019
10017
10015
10013
10011
10009
10007
10005
10003
10001
9999
9997
9995
9993
9991
9989
9987
9985
9983
9981
9979
9977
9975
9973
9971
9969
9967
9965
9963
9961
9959
9957
9955
9953
9951
9949
9947
9945
9943
9941
9939
9937
9935
9933
9931
9929
9927
9925
9923
9921
9919
9917
9915
9913
9911
9909
9907
9905
9903
9901
9899
9897
9895
9893
9891
9889
9887
9885
9883
9881
9879
9877
9875
9873
9871
9869
9867
9865
9863
9861
9859
9857
9855
9853
9851
9849
9847
9845
9843
9841
9839
9837
9835
9833
9831
9829
9827
9825
9823
9821
9819
9817
9815
9813
9811
9809
9807
9805
9803
9801
9799
9797
9795
9793
9791
9789
9787
9785
9783
9781
9779
9777
9775
9773
9771
9769
9767
9765
9763
9761
9759
9757
9755
9753
9751
9749
9747
9745
9743
9741
9739
9737
9735
9733
9731
9729
9727
9725
9723
9721
9719
9717
9715
9713
9711
9709
9707
9705
9703
9701
9699
9697
9695
9693
9691
9689
9687
9685
9683
9681
9679
9677
9675
9673
9671
9669
9667
9665
9663
9661
9659
9657
9655
9653
9651
9649
9647
9645
9643
9641
9639
9637
9635
9633
9631
9629
9627
9625
9623
9621
9619
9617
9615
9613
9611
9609
9607
9605
9603
9601
9599
9597
9595
9593
9591
9589
9587
9585
9583
9581
9579
9577
9575
9573
9571
9569
9567
9565
9563
9561
9559
9557
9555
9553
9551
9549
9547
9545
9543
9541
9539
9537
9535
9533
9531
9529
9527
9525
9523
9521
9519
9517
9515
9513
9511
9509
9507
9505
9503
9501
9499
9497
9495
9493
9491
9489
9487
9485
9483
9481
9479
9477
9475
9473
9471
9469
9467
9465
9463
9461
9459
9457
9455
9453
9451
9449
9447
9445
9443
9441
9439
9437
9435
9433
9431
9429
9427
9425
9423
9421
9419
9417
9415
9413
9411
9409
9407
9405
9403
9401
9399
9397
9395
9393
9391
9389
9387
9385
9383
9381
9379
9377
9375
9373
9371
9369
9367
9365
9363
9361
9359
9357
9355
9353
9351
9349
9347
9345
9343
9341
9339
9337
9335
9333
9331
9329
9327
9325
9323
9321
9319
9317
9315
9313
9311
9309
9307
9305
9303
9301
9299
9297
9295
9293
9291
9289
9287
9285
9283
9281
9279
9277
9275
9273
9271
9269
9267
9265
9263
9261
9259
9257
9255
9253
9251
9249
9247
9245
9243
9241
9239
9237
9235
9233
9231
9229
9227
9225
9223
9221
9219
9217
9215
9213
9211
9209
9207
9205
9203
9201
9199
9197
9195
9193
9191
9189
9187
9185
9183
9181
9179
9177
9175
9173
9171
9169
9167
9165
9163
9161
9159
9157
9155
9153
9151
9149
9147
9145
9143
9141
9139
9137
9135
9133
9131
9129
9127
9125
9123
9121
9119
9117
9115
9113
9111
9109
9107
9105
9103
9101
9099
9097
9095
9093
9091
9089
9087
9085
9083
9081
9079
9077
9075
9073
9071
9069
9067
9065
9063
9061
9059
9057
9055
9053
9051
9049
9047
9045
9043
9041
9039
9037
9035
9033
9031
9029
9027
9025
9023
9021
9019
9017
9015
9013
9011
9009
9007
9005
9003
9001
8999
8997
8995
8993
8991
8989
8987
8985
8983
8981
8979
8977
8975
8973
8971
8969
8967
8965
8963
8961
8959
8957
8955
8953
8951
8949
8947
8945
8943
8941
8939
8937
8935
8933
8931
8929
8927
8925
8923
8921
8919
8917
8915
8913
8911
8909
8907
8905
8903
8901
8899
8897
8895
8893
8891
8889
8887
8885
8883
8881
8879
8877
8875
8873
8871
8869
8867
8865
8863
8861
8859
8857
8855
8853
8851
8849
8847
8845
8843
8841
8839
8837
8835
8833
8831
8829
8827
8825
8823
8821
8819
8817
8815
8813
8811
8809
8807
8805
8803
8801
8799
8797
8795
8793
8791
8789
8787
8785
8783
8781
8779
8777
8775
8773
8771
8769
8767
8765
8763
8761
8759
8757
8755
8753
8751
8749
8747
8745
8743
8741
8739
8737
8735
8733
8731
8729
8727
8725
8723
8721
8719
8717
8715
8713
8711
8709
8707
8705
8703
8701
8699
8697
8695
8693
8691
8689
8687
8685
8683
8681
8679
8677
8675
8673
8671
8669
8667
8665
8663
8661
8659
8657
8655
8653
8651
8649
8647
8645
8643
8641
8639
8637
8635
8633
8631
8629
8627
8625
8623
8621
8619
8617
8615
8613
8611
8609
8607
8605
8603
8601
8599
8597
8595
8593
8591
8589
8587
8585
8583
8581
8579
8577
8575
8573
8571
8569
8567
8565
8563
8561
8559
8557
8555
8553
8551
8549
8547
8545
8543
8541
8539
8537
8535
8533
8531
8529
8527
8525
8523
8521
8519
8517
8515
8513
8511
8509
8507
8505
8503
8501
8499
8497
8495
8493
8491
8489
8487
8485
8483
8481
8479
8477
8475
8473
8471
8469
8467
8465
8463
8461
8459
8457
8455
8453
8451
8449
8447
8445
8443
8441
8439
8437
8435
8433
8431
8429
8427
8425
8423
8421
8419
8417
8415
8413
8411
8409
8407
8405
8403
8401
8399
8397
8395
8393
8391
8389
8387
8385
8383
8381
8379
8377
8375
8373
8371
8369
8367
8365
8363
8361
8359
8357
8355
8353
8351
8349
8347
8345
8343
8341
8339
8337
8335
8333
8331
8329
8327
8325
8323
8321
8319
8317
8315
8313
8311
8309
8307
8305
8303
8301
8299
8297
8295
8293
8291
8289
8287
8285
8283
8281
8279
8277
8275
8273
8271
8269
8267
8265
8263
8261
8259
8257
8255
8253
8251
8249
8247
8245
8243
8241
8239
8237
8235
8233
8231
8229
8227
8225
8223
8221
8219
8217
8215
8213
8211
8209
8207
8205
8203
8201
8199
8197
8195
8193
8191
8189
8187
8185
8183
8181
8179
8177
8175
8173
8171
8169
8167
8165
8163
8161
8159
8157
8155
8153
8151
8149
8147
8145
8143
8141
8139
8137
8135
8133
8131
8129
8127
8125
8123
8121
8119
8117
8115
8113
8111
8109
8107
8105
8103
8101
8099
8097
8095
8093
8091
8089
8087
8085
8083
8081
8079
8077
8075
8073
8071
8069
8067
8065
8063
8061
8059
8057
8055
8053
8051
8049
8047
8045
8043
8041
8039
8037
8035
8033
8031
8029
8027
8025
8023
8021
8019
8017
8015
8013
8011
8009
8007
8005
8003
8001
7999
7997
7995
7993
7991
7989
7987
7985
7983
7981
7979
7977
7975
7973
7971
7969
7967
7965
7963
7961
7959
7957
7955
7953
7951
7949
7947
7945
7943
7941
7939
7937
7935
7933
7931
7929
7927
7925
7923
7921
7919
7917
7915
7913
7911
7909
7907
7905
7903
7901
7899
7897
7895
7893
7891
7889
7887
7885
7883
7881
7879
7877
7875
7873
7871
7869
7867
7865
7863
7861
7859
7857
7855
7853
7851
7849
7847
7845
7843
7841
7839
7837
7835
7833
7831
7829
7827
7825
7823
7821
7819
7817
7815
7813
7811
7809
7807
7805
7803
7801
7799
7797
7795
7793
7791
7789
7787
7785
7783
7781
7779
7777
7775
7773
7771
7769
7767
7765
7763
7761
7759
7757
7755
7753
7751
7749
7747
7745
7743
7741
7739
7737
7735
7733
7731
7729
7727
7725
7723
7721
7719
7717
7715
7713
7711
7709
7707
7705
7703
7701
7699
7697
7695
7693
7691
7689
7687
7685
7683
7681
7679
7677
7675
7673
7671
7669
7667
7665
7663
7661
7659
7657
7655
7653
7651
7649
7647
7645
7643
7641
7639
7637
7635
7633
7631
7629
7627
7625
7623
7621
7619
7617
7615
7613
7611
7609
7607
7605
7603
7601
7599
7597
7595
7593
7591
7589
7587
7585
7583
7581
7579
7577
7575
7573
7571
7569
7567
7565
7563
7561
7559
7557
7555
7553
7551
7549
7547
7545
7543
7541
7539
7537
7535
7533
7531
7529
7527
7525
7523
7521
7519
7517
7515
7513
7511
7509
7507
7505
7503
7501
7499
7497
7495
7493
7491
7489
7487
7485
7483
7481
7479
7477
7475
7473
7471
7469
7467
7465
7463
7461
7459
7457
7455
7453
7451
7449
7447
7445
7443
7441
7439
7437
7435
7433
7431
7429
7427
7425
7423
7421
7419
7417
7415
7413
7411
7409
7407
7405
7403
7401
7399
7397
7395
7393
7391
7389
7387
7385
7383
7381
7379
7377
7375
7373
7371
7369
7367
7365
7363
7361
7359
7357
7355
7353
7351
7349
7347
7345
7343
7341
7339
7337
7335
7333
7331
7329
7327
7325
7323
7321
7319
7317
7315
7313
7311
7309
7307
7305
7303
7301
7299
7297
7295
7293
7291
7289
7287
7285
7283
7281
7279
7277
7275
7273
7271
7269
7267
7265
7263
7261
7259
7257
7255
7253
7251
7249
7247
7245
7243
7241
7239
7237
7235
7233
7231
7229
7227
7225
7223
7221
7219
7217
7215
7213
7211
7209
7207
7205
7203
7201
7199
7197
7195
7193
7191
7189
7187
7185
7183
7181
7179
7177
7175
7173
7171
7169
7167
7165
7163
7161
7159
7157
7155
7153
7151
7149
7147
7145
7143
7141
7139
7137
7135
7133
7131
7129
7127
7125
7123
7121
7119
7117
7115
7113
7111
7109
7107
7105
7103
7101
7099
7097
7095
7093
7091
7089
7087
7085
7083
7081
7079
7077
7075
7073
7071
7069
7067
7065
7063
7061
7059
7057
7055
7053
7051
7049
7047
7045
7043
7041
7039
7037
7035
7033
7031
7029
7027
7025
7023
7021
7019
7017
7015
7013
7011
7009
7007
7005
7003
7001
6999
6997
6995
6993
6991
6989
6987
6985
6983
6981
6979
6977
6975
6973
6971
6969
6967
6965
6963
6961
6959
6957
6955
6953
6951
6949
6947
6945
6943
6941
6939
6937
6935
6933
6931
6929
6927
6925
6923
6921
6919
6917
6915
6913
6911
6909
6907
6905
6903
6901
6899
6897
6895
6893
6891
6889
6887
6885
6883
6881
6879
6877
6875
6873
6871
6869
6867
6865
6863
6861
6859
6857
6855
6853
6851
6849
6847
6845
6843
6841
6839
6837
6835
6833
6831
6829
6827
6825
6823
6821
6819
6817
6815
6813
6811
6809
6807
6805
6803
6801
6799
