15312
10708
18474
26428
15278
10470
11342
25006
21934
22104
22090
14866
19518
22096
11378
16768
13348
18100
20108
15034
20120
8674
11884
17230
13774
18212
21414
18458
14472
17756
14942
22922
15790
13656
15200
13726
15222
21754
22666
13974
20476
8078
8126
14676
7032
22028
14320
22944
20850
18768
11730
25508
12814
12940
8066
9044
12606
15386
17652
22044
8114
13638
16410
23972
25650
7214
9404
7438
11430
15202
20160
11232
26738
21820
20770
24710
6856
21204
11084
10318
15378
8036
11546
26400
22798
11614
11092
16116
25840
18512
8006
17798
20664
11470
25300
13042
26518
17678
13990
26604
12214
24882
19738
14910
21240
26674
13582
9616
11574
15248
21128
21040
15396
7670
25440
20734
18246
15912
15400
16868
25726
21964
8014
19198
11120
25926
17050
16568
22446
16532
14592
8592
17904
26096
18786
21214
26252
21486
23168
6936
26666
14352
22256
11846
21310
25602
13830
21550
21652
18970
22424
22504
11932
21172
9822
18838
15066
20590
11594
16866
25522
17314
10686
25834
13250
14040
20920
9326
10846
26088
14086
20110
12786
15360
8820
16740
8870
17434
22012
10850
18692
26730
21984
25552
20526
23216
23392
24458
12574
17470
22322
8704
17266
23870
8214
8030
19400
16948
23938
22824
11826
11702
22346
21968
11406
15712
12646
23368
8514
18056
24024
23328
24926
16554
18322
25454
20838
11612
25214
12944
9452
15362
13562
18160
20844
12448
13098
14394
24184
19016
25460
14176
7600
25892
12792
9078
14668
23364
8184
18428
11896
9864
9178
22070
13818
11458
14882
14210
7876
26786
8572
7564
14856
20730
19828
10980
24020
19252
19210
15974
19274
17912
8330
7630
26712
11734
15622
25832
23184
17694
11956
19576
21586
12914
6852
24624
11076
10744
15484
13968
12022
7352
23508
19572
9098
17900
23548
8360
10052
20074
13366
26208
7054
16194
17258
21374
7148
11548
19870
26588
7426
17148
10148
14000
21196
12254
20352
15296
18698
23748
14148
21294
6920
16464
21584
16436
12928
16154
17324
15562
20640
25360
24404
16766
12344
17506
9488
26450
15644
19340
13870
22532
9830
21534
20932
22728
14214
12140
18152
17494
13552
10434
20190
21464
21528
8238
24868
13642
25334
21576
19844
26538
15168
9362
25824
17882
23628
24266
23466
18670
13448
16360
18812
14404
22362
21642
12626
17352
14540
19132
26510
24930
19232
12516
16630
22650
23230
23042
14642
10312
10048
13258
25532
7888
26762
26734
8650
15138
25696
22860
13966
6848
21068
18068
20902
9106
24808
9094
12672
24728
7890
23520
22360
25244
22352
21264
10308
10392
10016
18762
7060
19756
23474
14360
8384
13816
13468
6908
9454
12258
7514
18746
16670
13368
26196
15350
23282
20674
19250
9432
17068
14158
26344
19924
18272
25554
7194
26664
10056
7434
23384
10342
14894
13908
18968
17930
7262
14222
9124
7710
9706
18790
7404
17860
8354
12758
19080
10280
14510
10084
9610
19226
11708
7694
25116
9908
10692
18084
10418
10254
13464
19604
13018
15862
18024
23310
22232
20868
24178
8840
22126
17550
8172
26586
26700
16274
15808
9680
19224
17780
21622
9322
21958
9224
14240
7354
10904
24816
13058
20418
10522
17570
21638
20394
8866
26326
8414
8038
24618
17898
15374
8446
12118
14384
25270
16294
16850
23930
12068
17464
18650
12976
23502
18514
15060
13744
13794
23978
13046
17690
12648
17276
13504
20062
14042
26044
23678
24524
21100
15100
14938
23854
9360
10664
20238
24558
23560
12402
12076
24278
26380
11652
17000
14752
15834
18858
14278
20628
18822
13180
24506
12390
18482
16074
24704
13460
7230
10962
10042
7050
12312
8714
17162
24748
11046
8048
12476
25912
17964
12638
20620
17054
26260
12280
23812
26680
9888
16276
24796
14318
15074
11126
25896
14440
8988
8404
17036
22058
9342
10344
18490
22876
12360
20614
10354
19634
14826
21886
15028
20188
24846
11298
21510
25456
18544
11158
7386
7464
19792
21402
13436
7382
21698
18408
19746
10748
24416
20562
13358
11070
15628
18908
19852
11034
25326
7622
20660
23182
22272
11782
7760
26312
15298
20904
25748
18808
16806
23358
26348
24504
14262
25314
24538
9382
7282
20656
23438
24240
23176
17812
15294
15246
7648
24940
13690
25178
9264
19266
16912
6952
21158
14852
25356
22734
13010
8798
7816
10088
19622
20132
20966
7200
8918
21440
16950
7776
24898
26216
9122
19006
8436
24534
10412
26628
11506
9958
7018
12130
9580
15418
24180
9716
11302
21004
23852
22344
13764
10874
13278
15692
15198
16722
23760
9170
24520
22222
17548
19106
11964
24230
26608
15102
23600
14050
11900
17134
20360
24902
20218
13344
15098
19522
15160
25288
9638
24360
8800
16574
12612
10964
21430
17488
22468
12078
19254
16762
9542
20682
12950
24734
19838
13168
22308
24190
8538
9026
22380
15676
9602
17630
25970
20874
22214
10756
22456
20402
7892
25622
16680
8378
16036
8584
6902
26058
10292
23256
22394
19824
14476
6986
18180
17536
12874
10612
21688
23846
18434
8022
20678
14468
8456
11108
14874
20136
26246
7206
18798
12534
25620
12772
16542
22966
12358
7374
17772
11768
25752
19156
10416
21990
9394
23016
12326
20876
14708
8954
10726
12656
17004
15384
7150
9480
16160
19940
15896
17304
22376
15846
13614
19684
8380
7182
16508
12432
13832
12156
14316
21048
25534
24560
25962
8064
9250
23274
14662
12256
16964
12090
7690
11792
20376
24680
12186
11386
15470
24822
10972
25044
21348
12990
10202
15078
17232
23512
21512
14782
18536
18660
21190
18998
10300
22712
7680
10760
23018
8084
17974
10572
10902
16822
19552
18976
23020
19542
23578
7234
7470
24366
11182
26556
23582
26322
25040
9216
8932
7590
18704
25980
22178
26076
22796
18944
26462
7684
24934
17372
23268
13164
8686
8402
21380
22130
14300
17616
15382
20334
25354
25742
17514
24138
12832
26636
17512
22812
12026
19126
16248
10576
25944
15640
16742
19378
20292
7726
12064
7588
13842
15864
16042
24648
18128
15044
8916
26706
17708
18802
22242
7540
23422
11100
12582
9992
11286
6862
17884
19382
19194
21598
24920
7676
24766
15694
7972
10848
22636
21364
15902
17528
23420
20004
11520
24756
19610
18150
17274
12052
23198
17158
23910
7242
23620
24664
15042
17734
9846
17220
15120
26388
22084
16934
20978
14070
26420
18088
22094
9158
24422
26606
18426
22422
8366
20918
7058
18756
15724
18010
18722
24128
7004
17008
12986
16578
7634
19162
23396
8626
17846
16080
19384
21284
21238
14512
14740
10586
20818
25012
18498
14182
19694
13640
11384
26098
22754
15478
24834
21224
10644
15076
18292
15046
7286
21636
22386
25136
14998
16100
12726
18486
8332
26358
15498
11314
16538
17686
24196
19236
8818
25262
8312
9598
17842
10542
7334
23332
16110
21800
15368
16514
16724
10498
9932
14406
12628
19778
15174
11864
25886
12030
16178
11456
19078
21876
12016
17382
18918
11348
19708
15826
25888
23006
19142
15504
11256
18694
25628
13194
25810
24616
19100
16898
26376
23426
12228
14986
21978
19256
13898
13398
24544
20512
16896
11684
16344
18196
25386
12244
22998
20912
7422
8492
15444
22042
22968
21084
14898
16088
7510
11356
20302
24248
19200
25870
17594
13332
12294
15794
8784
14150
11650
6880
17918
16048
23816
13934
11940
8586
15832
12982
9624
12114
7292
10358
11600
13684
13608
7610
10888
9594
20686
24038
26496
10346
24584
7592
15856
8362
7468
17854
16132
9696
22724
22404
7804
11268
13708
25772
12728
13220
22688
19184
7210
18238
12134
18398
20078
15194
9756
23540
23096
14480
25894
19172
20278
8912
9324
25580
15510
25256
10764
14338
25080
7526
22170
12330
12070
21148
23934
22768
19230
11370
7570
13480
16124
8034
16560
25196
13452
17758
20408
21094
24784
12286
8578
9874
15688
10038
12306
20608
13298
10824
13100
10288
17816
14520
11882
19702
6868
21272
20470
19050
24578
15910
17354
22176
14396
12506
11428
18696
17802
23286
16056
7126
10122
12898
10648
8700
12580
16050
11588
11188
21674
9220
21330
20914
14574
14106
17422
12608
25022
8604
18842
18230
20604
8142
16834
7246
20568
9568
25956
26572
16714
23354
25156
8316
23572
12782
19586
19758
22842
8526
25008
21832
16826
23528
11510
15672
6822
12732
7910
11770
22736
26012
17016
18046
26172
9426
13490
21530
14940
22662
23918
7196
14746
18454
7432
6828
8280
25632
13742
21360
10040
14302
14564
22016
12006
15274
18864
15184
10520
12126
21548
17754
9198
11218
9514
18780
8846
6924
14770
24992
7762
7666
10172
16676
14212
12840
26084
9546
24420
18008
13536
26456
11412
21138
26484
18372
16596
21338
9524
26726
10370
24412
12602
7162
20964
19678
16384
10562
7758
7454
21806
20644
22730
12884
8122
18570
19880
17568
22228
23796
25342
16776
13200
21566
9510
8400
22516
19660
14544
10184
19690
7912
23872
8308
24434
13272
10546
18870
8722
24376
12822
24890
26200
7626
14248
20690
12230
9014
25010
12934
17862
22886
13002
7830
16012
20668
10710
12120
9380
12240
12918
26658
20754
24110
8978
20708
11518
18376
26030
20148
14732
8168
21228
9988
9016
8500
25152
17876
7542
21956
12362
14156
14614
22008
22452
13728
17988
18962
10592
15030
9204
11088
22602
19718
15452
8432
12784
15272
14928
6950
10092
9666
23896
9686
10182
23186
14960
15036
11192
20138
24892
18364
11398
11754
14646
8388
17376
17534
19794
26132
11812
20662
21516
19448
22934
18548
24732
23340
13412
21560
22946
17804
21354
19312
12600
24798
21366
20040
12400
13516
20626
20924
26222
7574
21726
20384
21494
22398
16216
7446
15310
7388
9748
17768
8582
17692
26440
8450
20158
9118
14950
6846
24528
10330
13944
24108
11696
25242
10626
8816
6818
19262
22448
23374
6990
20010
14712
24238
19528
22898
23356
23034
21500
23882
10336
6894
20848
25698
19180
15302
8632
14146
17562
7102
24192
8756
24576
17128
26522
22088
26354
17170
26434
15092
25968
20288
14424
22652
14190
25086
23178
11130
9196
11394
25852
19186
12018
22544
17634
17100
17792
14022
26744
10206
11840
13192
14080
11128
21760
8854
10154
14268
21562
14284
13820
8352
16754
21372
25700
20670
18188
16260
17682
12208
13232
10912
12304
11954
9092
23746
22762
14700
18810
9500
21340
17582
19958
17462
9928
10932
10058
22180
26788
20094
12472
11838
24390
12882
9604
17922
26286
8314
7118
7104
18328
12192
12810
24362
17408
14926
26124
24602
12246
17326
19054
13618
7184
19488
11656
14972
10750
22546
18226
11784
17244
19994
7566
21730
24346
16468
13282
26086
12536
17578
20704
15972
6858
15050
19526
8140
8570
6804
18274
17870
16478
19616
9518
17946
19974
11880
11090
19174
12500
15782
25558
10926
9476
13752
22072
8566
9228
18244
14054
21170
20742
24428
11270
21280
11798
18494
14282
16026
15134
15654
24698
26160
23202
25818
26436
13578
16932
9374
22528
26716
26316
9936
17732
7408
12014
24724
26148
12194
12290
9860
15366
16614
15186
23640
25606
22964
10410
24678
9826
23052
12474
25654
16598
23434
25662
8874
12366
10544
20586
11610
17262
7672
25150
11598
12960
25762
9576
20852
21608
21242
13314
25362
8334
25478
10852
20508
7586
8190
11830
7476
18578
23828
6890
18320
18816
16444
13906
12678
26492
18464
8000
12048
12430
22696
21830
14912
23960
22558
12816
23964
11736
21944
22844
20174
18654
9812
26310
10036
10352
9002
15166
24864
21000
7806
19566
18740
26324
23378
25556
22958
14514
11688
25054
23948
13948
23692
10982
15238
10150
9074
15436
17286
9142
7544
12218
26332
9632
23568
11740
22722
25646
12276
11690
18496
18878
25574
16620
22834
8658
19984
16652
23642
25124
21454
14336
7448
18714
11556
11002
25890
13444
22624
14428
24294
10880
21452
15636
18288
18826
22128
8694
8966
9540
19952
15804
26652
22904
20856
9154
18082
7944
21192
25272
21038
21070
13576
10844
16504
22166
7986
15772
20268
10116
18360
25240
7284
13522
9862
8258
23060
21292
10790
12924
23554
13340
18538
8614
10396
7166
23550
25866
15522
25910
7930
20630
8136
14068
16644
11368
8444
24722
17648
17586
24062
20176
13888
24994
23912
13958
9916
12364
13306
26220
26180
23988
21850
15064
10532
15606
24906
9702
19858
22880
24546
10538
19802
18684
9254
15108
15866
21316
11858
25258
16996
13872
8104
21076
13826
16010
14722
11028
23318
16254
24836
16894
24012
22806
20048
7880
16686
20372
22674
17056
19854
7988
20574
25612
26040
21018
9428
22594
10718
22514
7736
9306
20210
19652
15568
23664
25528
14414
24332
16176
19536
25484
14438
22788
22766
8024
26212
15548
7712
20800
26466
18384
12098
9354
13256
11328
10046
25740
17962
6970
8896
13542
16040
10232
24878
17364
11904
12348
13124
9478
9128
10462
20054
22402
20156
23058
12978
22146
13996
20886
9172
22648
7460
9152
19840
17518
13724
20716
22198
17074
8200
7916
11942
15280
26468
14594
7914
20424
14400
26696
11062
10210
11288
23994
21972
14072
18166
14312
20012
25234
10762
20272
10992
23458
14358
17026
21848
20732
8982
25218
12796
16000
21022
15670
12324
8042
11180
22786
15356
16298
20916
25202
17832
13416
25550
26424
10366
19298
21962
22960
23246
16810
22390
26452
11042
13782
14198
11068
8392
15538
17830
22082
18260
21784
11086
7518
21276
15796
15850
23062
13044
10698
17950
17588
22704
22980
14288
25758
13554
11154
25412
17384
14526
13876
19686
9746
24032
18488
13732
24518
18184
24370
13150
11970
15376
24100
11132
16072
21198
9978
12962
26022
25052
9292
11074
11200
8534
11842
10360
8416
9312
11080
8188
15412
17152
18118
17680
25428
9390
11934
21626
15932
19076
11352
26210
23218
12984
24654
10104
8130
25666
16130
6992
7348
18686
16460
10124
13430
26542
19052
13020
9612
25826
18142
22014
21680
21912
7042
6840
17418
19332
18508
23804
24910
7940
14916
13196
7674
26564
9242
26678
23172
10990
11646
12592
7900
15500
20422
14382
7918
13202
7810
8544
11476
9814
12454
17700
15530
9300
7556
16712
7142
8530
11968
7076
16308
20050
14750
15508
8744
9442
12484
13388
17094
20124
14280
19042
10818
9940
10776
13428
22664
24634
16426
21662
15144
7654
25444
17340
11044
20688
15600
8506
8448
14412
24998
11246
17204
25560
10810
25174
24686
19910
10942
26474
24188
16752
24074
19692
10276
14436
10174
17112
23288
11980
10940
16660
26072
15652
20882
22896
11582
20344
24536
10640
19826
23066
23492
12108
15648
24950
15154
11138
24778
21926
16636
10684
24348
19082
19578
26656
23666
18098
17288
20826
11678
24158
21778
25110
13350
17224
25372
17106
8826
14422
20764
13206
8326
15140
10472
17176
7462
7798
23886
6940
9352
26094
14354
14492
7660
22336
8158
19478
13170
9464
17014
16564
7008
16206
22056
14024
15820
21124
19768
9600
11958
23724
24918
25924
19158
23774
26728
13166
11194
16794
17486
8394
10512
25804
18610
11552
12688
26008
11206
12738
20578
7568
22374
23260
26038
18362
23326
22218
16786
13308
24264
23532
10102
15314
20936
24572
10552
19296
12650
21606
25686
23338
10094
12620
21002
15964
19882
26614
20356
25348
7664
26016
22358
10134
9162
11266
26020
13110
21422
22938
25844
19594
23522
7094
10044
8148
17316
17554
9714
23124
9586
9658
9664
20648
15338
14658
14444
21050
19420
13852
21080
23270
26640
17096
21432
15814
18928
7324
22720
13372
17184
21368
7536
9882
9884
9516
12072
7418
10914
19406
18876
18450
7270
19680
22744
21650
12854
12116
18818
13508
19362
8598
7618
16816
8070
25426
17744
18594
8452
26228
21826
25168
22902
18168
7424
6966
14096
26232
19728
9266
26126
7306
20622
20298
16418
8958
10478
16228
10166
18324
25028
7796
16296
13216
7934
23802
17608
23496
16428
20998
9080
12570
13630
7620
10006
11928
23616
23334
16350
16170
10988
11668
21166
25082
21288
13134
16328
10934
13800
26404
15732
26356
7998
21544
22288
17794
13850
7938
15336
9446
23206
8406
23622
13328
13636
19144
22098
24512
13140
13118
21470
16388
21188
17510
20788
7616
8780
18666
10338
8790
7730
16708
7106
17844
20908
15800
7188
23830
8508
20028
9138
9364
18192
22572
24484
16662
7398
15534
13022
22330
18736
12146
18724
20864
9926
18126
24682
19128
23822
16696
10390
15454
24144
15016
25922
13500
9642
26062
10866
13926
11048
15954
25720
25016
22862
9140
13126
23730
16218
20588
18752
17504
14250
23962
25702
26362
18446
13602
22060
18326
22022
13208
12812
24160
7326
9434
8370
21342
8908
25236
24272
17242
13930
9144
7224
19612
20196
26642
12970
26708
13290
18668
13222
15988
16498
20960
17024
23690
8764
14330
12862
18218
11052
13296
18504
9298
24684
19938
18576
10270
14720
17490
17042
21770
20928
24208
22442
11296
23372
7220
25846
20946
7800
24592
22778
9698
25874
14010
10652
7734
22100
11868
17284
24222
25680
18248
21678
20474
10814
12420
19764
11866
19562
18300
14314
8012
16102
21844
12034
15110
17552
23430
9066
18896
10374
19960
25192
10774
19190
18140
13978
11474
25530
26722
6806
10910
8524
25948
14982
13092
19860
19376
11728
14834
22174
22748
7240
17620
12328
11926
13654
19012
14348
26504
24244
13666
12696
8778
10340
23446
17532
14758
8986
14344
25278
8032
19532
7070
13680
19942
23914
20884
21260
19402
8250
15950
22032
16432
19752
24810
18386
24378
24718
8612
15038
22816
19450
26026
13346
7750
16406
24488
25154
23400
6974
10132
14066
12374
18136
9558
24090
11576
15124
15584
15518
16646
23786
21542
15976
21714
21412
24508
13096
15056
10922
20720
8742
9230
17728
17742
18588
11558
9618
8336
24650
24010
19288
14162
18120
23090
12870
22306
7992
11642
20776
23808
16138
9566
17992
16382
12212
15330
17458
12664
6912
19114
14450
17426
11544
14876
26386
23050
15514
10766
21104
23382
15018
14064
16006
7300
11918
22718
19396
24850
7748
18074
8434
11604
13838
18788
22540
24888
17214
8600
25828
10788
15254
16028
19030
17902
17362
18902
20192
11560
12170
12074
12272
19264
20436
12418
25232
15082
23138
14836
16756
20618
24424
17046
13172
25656
10020
25140
23922
12566
13114
13556
22866
10158
26562
14342
18028
23146
17048
8478
7678
17698
19212
13956
18912
14672
10854
14256
14970
17084
13994
8684
21252
22464
12336
15740
12878
17498
15886
21864
21460
23106
17156
21660
20784
22506
12830
24540
23116
16164
7582
7318
16250
8860
18172
17500
19548
22372
13004
21644
24758
26534
11292
8956
23524
15172
10262
26782
24596
17142
16166
14092
24466
14774
7350
23272
20878
7572
22108
7062
16884
15070
15934
14714
20368
18600
25800
16288
26544
7440
18552
7502
14206
11196
18592
16952
23610
11608
22672
13748
25548
11290
14696
15214
6934
14862
18502
15434
20828
23892
13132
22312
15960
12744
26254
16412
9854
21740
10986
16874
22684
9274
7186
23720
11824
9778
19392
8266
24284
13760
10264
22414
21102
26268
14306
7452
19754
12004
12560
16204
19832
20516
19188
7254
22822
18882
21780
24966
8640
23650
25640
18992
14528
6988
24246
25410
25570
14800
7272
24382
23858
16798
17566
16744
15556
8920
15268
7312
24490
8770
25396
23588
23794
17034
24068
23376
19950
22752
26560
23556
17874
17414
19108
11410
26442
10886
25954
15642
17672
26524
23944
24812
26584
17092
23862
8270
9832
11602
11440
7504
7724
8420
9376
11444
21322
7512
23136
15854
11300
11422
26112
14616
15738
26498
18436
24112
24862
25290
9006
8858
9332
8198
13676
19136
13116
24760
8950
6938
10198
15614
25916
19534
10974
16268
16424
18648
10394
15686
14756
10454
10734
24754
25474
22370
18400
12558
15126
22290
20030
11038
14270
22936
26392
22836
8422
7884
7204
19014
12550
9202
7834
12590
8472
17256
15924
8286
8138
23894
13176
13384
8672
23220
14122
7954
25504
13064
26336
10010
18032
10160
19004
26502
8196
7996
18868
16828
9750
9320
10526
8828
24510
24260
23498
17344
11898
8900
18214
13440
13982
19546
24514
18770
18994
20246
6876
11112
17102
15598
25764
9126
20582
13580
26108
16592
19460
16642
17618
19630
20002
18356
12724
19506
21160
10598
14918
7966
18688
7538
13828
25784
23404
15250
24962
14474
12136
22400
16764
25208
9046
12436
16654
12896
8708
13772
10060
7158
24700
21026
11334
20560
15404
10162
24430
19218
20504
15340
16064
26090
12692
22132
12936
26692
21708
11962
8230
23450
21044
12200
21976
18070
8890
21436
7862
19502
24310
22354
26718
19314
22148
14084
10002
23484
26294
8660
20834
19790
8688
9694
12442
8246
10956
12100
11098
24548
24696
9340
18596
14236
15554
25382
25938
9800
7400
8902
22262
19796
14584
24990
11936
17416
26064
21332
21610
19334
20450
10878
13862
9416
17394
17306
17646
23460
22774
13746
16582
24636
19260
24632
16968
26034
17450
16092
19846
18156
16302
13458
15482
22474
16562
16902
24768
23940
16544
13754
23634
24228
23644
15778
14292
25122
9606
13768
16004
17606
15818
13616
15096
25416
14498
23898
25126
23832
11252
8972
25978
15442
16002
20722
13394
12610
20736
24886
19810
10796
17932
21468
14218
16490
10654
7368
24124
22810
23826
10364
11156
23594
26284
11446
9788
10486
8026
15258
21724
16944
16494
24706
11308
22510
16550
11146
10682
13262
10024
18542
9530
20088
20362
22246
24956
26446
17986
22304
24450
9868
14786
7650
26152
23906
16872
25578
10594
15870
24786
21782
9736
18824
19036
16202
17474
21326
20326
13840
15702
11630
23022
22850
25210
12760
17368
25642
12028
14258
22992
21370
17544
6964
23350
25568
14456
20126
16450
15610
15666
21658
17762
8480
13038
11228
17966
19302
18792
8634
10430
19584
10580
11374
17656
24832
18784
20204
17866
22392
14660
17410
8502
10246
9526
25730
17154
23054
14530
15824
15758
13374
15590
9310
11780
25338
11886
17402
10970
12802
15002
25346
25566
21056
25194
21234
11712
22564
19888
8098
14194
21526
18038
24056
24516
14452
9794
14502
20860
14368
20768
19648
7886
8796
18682
14606
17318
25098
9262
12848
11452
9020
18378
7662
18096
19216
14958
12542
13476
22838
20554
14814
9674
23140
20242
22804
25420
15604
19788
14554
14744
24672
16380
23920
21376
10938
20340
13342
15058
23958
22882
10558
22292
26202
17020
18178
12686
24550
19112
25212
12178
19168
8864
10822
25618
25418
15370
11020
10506
9792
7558
17892
6870
20532
9282
20322
24290
15930
7520
12138
9082
18190
8624
19812
17730
14546
14730
14872
10630
26100
26742
13264
18404
22780
23120
14560
23118
11054
9076
23974
16008
24336
9532
13952
24652
21472
24742
14478
20274
22102
14108
10738
14346
16586
7606
21866
22430
9338
10086
14154
14628
18040
14868
17160
13466
24800
12470
19992
12482
15252
13606
10782
12972
13392
25488
13550
26790
8454
13270
16232
16190
18122
20206
10464
13024
9924
26204
14820
15320
14242
12920
25464
13918
24254
7416
25164
19894
13188
9892
25712
9918
22406
8706
16262
14078
20726
17044
22086
6958
10496
14788
21498
10428
20234
23698
22278
20480
17924
7874
20420
18846
26430
12820
23180
24286
18556
7984
7854
13052
22698
8146
25452
14830
7488
18794
24236
12268
25200
9984
14648
13824
12916
24152
7384
6866
11554
25674
11848
7376
9372
25822
14232
22274
26610
8718
21656
12564
24708
16364
7524
7836
18796
13434
18604
10550
15860
18448
23876
21008
11788
14934
14298
20758
18366
8364
15996
9878
16832
23618
25408
12818
19872
9308
11494
19110
21712
7016
22224
13936
19486
25366
20712
25718
19658
15838
12980
17270
24438
18936
9842
12518
24762
8782
7112
25506
13902
11210
7982
13880
24774
18206
12020
15916
10406
20128
18922
16678
15324
22906
11516
8028
10518
20056
22454
8116
19936
15512
8872
25046
22210
12154
23440
7236
13396
15680
25830
12868
19456
8020
10378
9344
21920
14026
21096
21936
14272
8646
22122
7038
7442
13032
21314
7956
16046
18018
20024
26780
9548
13770
24052
16864
23144
14598
16070
11946
19090
16060
11916
14052
12756
13916
26226
25216
7508
22756
19388
23424
10976
13242
11660
22854
14224
7766
10642
13730
9296
13814
9876
8488
19390
23398
13792
25932
26650
23324
20432
7274
25682
10588
17404
17952
9422
18062
11238
11408
22630
16362
26270
13230
26106
19770
20792
6928
21358
20760
25072
17890
19318
26596
22872
25526
10582
7180
22066
8710
8058
12282
18586
9130
11718
21860
24340
13648
23132
15306
15270
20990
13846
22036
22926
10930
11674
25070
20382
20820
19946
19736
10808
8426
23156
25536
23732
21222
17484
20816
18092
10054
22226
19020
11176
18050
9134
24306
23564
10388
20900
13786
26620
25134
14562
17460
21478
20740
10610
21142
7316
12056
21814
17838
8698
19816
10106
18506
17956
20624
18520
17064
11804
22566
16624
23884
9238
9912
18644
11654
6830
21132
11764
12350
17736
10666
15840
25142
9730
23558
23500
16168
21418
16928
24324
17444
19368
8212
9008
23596
8606
14160
17520
21722
23754
15982
9964
13240
19470
26770
18844
13546
7936
21594
20786
25184
9276
16390
15216
22604
20642
16622
13040
8046
16076
15684
15492
18978
15632
11236
18840
25432
24136
17968
7882
14854
8720
26302
23820
12798
23250
22522
7222
10220
25516
8528
24736
20696
26364
11966
25960
17996
15014
23002
8642
19742
16136
12844
18286
21940
11724
14370
11478
20208
22890
13426
26414
13442
22196
20038
20992
12412
15218
15706
11988
20180
18934
10324
24954
20428
20404
21392
18374
25066
9286
13054
8498
14922
14410
11254
24844
25328
11800
12298
12754
20698
22840
10736
12764
25250
20778
26010
20492
12926
8482
18478
6802
21290
10404
25858
22030
11226
20400
13884
11596
25738
26198
24120
16548
17086
10724
26360
9772
18726
21880
14090
17022
17066
8244
14490
18852
15728
25378
13682
8728
19258
19204
16876
20052
13284
13142
19366
22656
21474
10560
13788
14390
12740
19904
26396
13620
19926
17076
10494
26292
6882
16188
16528
19328
7528
21532
24946
24830
16236
14322
21444
26068
16144
20076
8992
8676
14838
10170
21434
10268
7764
21564
20982
23810
17596
23538
19666
18480
17198
11434
26368
24824
7602
18952
24396
14734
8440
8076
20410
19038
14654
25404
12634
12966
10890
7226
26156
11860
14032
12038
15090
16148
11332
20220
21426
25226
21300
26308
22216
21304
20534
16290
13068
25542
15634
24164
22614
23584
20496
26662
12680
16374
25538
15086
11906
22106
22974
15358
9424
12836
9402
25792
20374
11528
23258
23722
24604
10224
15342
21922
8164
20986
25856
24460
23348
14470
23242
14238
14796
23652
22462
7402
22492
14576
23342
13318
16240
12588
19654
10212
10688
23838
17658
19418
25990
13698
7628
8824
22864
11644
14418
10616
16612
13294
18606
26394
16818
11150
7100
13310
11248
24398
16960
8638
25626
26710
20194
24448
17614
16640
10018
10636
25424
19782
7500
23456
11144
25668
12238
9232
22654
14060
11208
10114
25802
9356
22570
7980
9114
15668
11382
11746
12788
24318
16606
18984
25716
17290
6820
12616
21462
9102
12828
23592
14716
17576
24308
18712
16734
18900
21538
12520
8822
17642
15952
8594
7742
7006
17960
18602
22076
16846
23416
17212
15234
20600
21942
22054
7170
8670
19954
24720
19574
18444
12248
16870
15432
22366
12096
8802
15346
24598
11466
15392
8622
22436
20524
15752
21036
26122
7920
24496
14036
10444
24690
25898
17320
18676
14244
16378
24958
21112
20514
25930
18904
20084
20538
16272
11230
9470
18370
24326
21906
18632
17398
16796
12512
8090
22764
24206
18730
24060
26024
9556
14012
13082
20540
19284
12122
8882
18974
21684
12892
18224
17808
23614
20606
15792
11892
7782
9036
16594
7754
14538
18980
12266
14978
15390
16054
17856
23706
25286
10266
17140
21320
22412
11876
18898
23926
22340
13596
13338
21098
19516
17632
24970
18830
10168
11692
17122
7860
22910
6826
14430
24752
18568
25264
21856
21386
20790
22616
20438
23738
7960
18332
14532
17206
23694
8926
11894
16978
9400
11662
24436
21910
18262
23728
7492
17944
23552
11664
8134
9268
14186
7872
23590
17192
10968
20570
8468
18348
17492
16736
13000
9562
25902
14466
14870
12468
20702
24694
23370
9764
17310
14702
21710
14216
16106
22078
21394
14552
23068
20098
12460
13528
10222
26616
25392
18848
17836
20090
7722
24372
25878
25760
22758
6918
11178
7160
14994
8548
11752
11706
25206
19228
15112
19740
10870
16760
7494
14804
25018
16772
15940
7852
7328
25918
12242
13778
17774
19508
8408
15878
14464
25364
21506
25114
21122
24932
25950
19064
19644
19246
16392
15406
11870
26514
8234
10802
24036
16404
8016
11260
23064
24788
19138
12722
14362
8702
23236
17180
22420
13218
20232
21546
22434
22260
14104
14522
15618
18560
9782
9996
23980
12894
17210
26752
8666
12184
10004
16916
16830
9704
13274
8898
12576
8786
9506
14678
18254
12776
10780
14350
9634
25722
21862
15040
10606
23888
18314
22956
19862
9090
8648
17172
7636
16252
9608
20060
20750
17948
19874
22802
25302
14208
20500
13972
19626
22542
19866
25376
12502
21518
25586
10090
26230
19656
21202
13094
22826
19092
18574
22052
14228
23012
15958
13572
19968
7108
24342
12736
10314
22622
20718
12112
9052
20974
13854
24224
8002
6968
25394
23070
11484
14178
16082
25494
18582
8052
20260
9226
21164
9164
25588
15136
16664
23814
26092
17820
16096
7778
23280
12462
19380
21254
20134
26682
16534
16292
18662
25782
10834
15848
25374
19352
11442
22458
22732
19358
18760
12952
9210
12876
10448
12340
13722
11998
24714
15008
15474
12142
8830
19238
10126
21932
8256
24848
8682
19374
9414
11640
15292
16936
16602
25630
10614
20564
22770
15700
20468
11186
22950
19414
19124
7020
16226
14590
12092
13178
19996
12938
20224
9056
23142
16246
19348
14128
22928
19444
20802
22162
19058
12806
26698
22038
21446
24814
21210
12012
26530
22940
20994
25648
7036
12652
8328
12850
24414
22138
10450
20118
12842
25130
17196
13304
8344
6914
12578
15420
9368
26422
16286
21704
10706
22440
18766
17216
14144
19408
11888
17120
26688
8550
7894
24314
22590
9038
24620
8458
11590
26448
16022
10194
11472
7198
21628
23890
7584
17752
7548
13148
11432
11828
13588
24712
7138
21694
8886
15798
9024
16838
17448
14736
25706
14824
12552
14768
22134
7840
15722
17370
19970
10322
14126
8294
12730
16368
11278
13924
10286
18744
18854
9086
12994
23302
17558
21928
20922
26480
10570
8738
7970
10804
17942
19602
12544
26432
18144
21306
25172
22320
9732
26402
8542
26600
8656
9496
17298
20290
10746
12668
24234
25616
16788
20646
20058
12706
11854
22536
15402
26774
10070
8166
25158
23032
25430
24016
7064
7926
19822
22676
26490
13324
15876
7248
15236
18510
15230
9112
11874
9392
19178
14990
19424
22050
17456
13484
25836
19864
9968
18546
16930
7096
21764
7012
21180
8922
25032
24876
14948
9810
10350
16456
7594
22494
21696
12586
18182
24432
8274
20592
19350
25092
17082
18804
21384
25590
7474
10026
8654
26080
15054
10130
14840
8206
26638
19798
18920
21504
15462
24406
18210
9212
12942
11106
11202
17612
15188
15612
18186
16322
12480
23390
8062
24042
13016
25664
26648
7132
17786
25724
24418
18138
12180
24040
22000
17654
14772
26290
24142
20146
14506
17522
12292
9166
20794
21590
21682
15220
19706
7772
23200
15190
7144
23314
14356
25380
11832
21256
7022
18708
24300
18216
10250
17814
11910
11354
14168
20536
20398
20022
20306
10900
12050
7414
9194
10422
24400
25298
22004
20300
8484
14726
16258
9068
13530
23114
8276
19410
16198
7808
13646
9914
26426
7134
16674
8462
25652
21700
9900
13780
18240
10076
23170
22740
22512
26042
8194
24916
20102
26578
7850
23734
11616
13670
21438
21604
22350
7704
14524
13574
21410
19452
15162
25304
18284
26192
19932
11512
7228
21404
12556
14448
14600
26190
20494
16150
7310
23966
26274
24082
8928
16420
9574
15164
16780
13810
16580
24384
20738
16454
15914
12554
20440
20542
20380
25160
25708
20202
19780
10196
12232
9168
19520
12490
17850
18310
10296
10238
13714
19326
21328
23046
24274
17502
15578
8878
14860
13266
14334
11716
8980
15650
21114
20594
7656
14082
25146
19440
21428
16618
7082
20200
9358
15894
26116
19412
16858
14088
9952
22634
11818
26272
23486
11482
21010
13198
23788
20810
25766
8236
7392
7084
10768
21614
22848
6878
14442
9378
16690
18554
17312
9726
11380
16174
14812
21666
7906
18886
11426
17466
8560
24006
12734
25880
10516
15546
15048
16416
13858
13380
9370
6942
15304
17482
8564
16720
14710
16314
12104
16954
7250
23718
19538
12160
18080
9784
18820
19590
17822
13234
9942
23410
10258
11350
9508
23074
22618
11790
24028
25322
18090
9244
11140
26134
10440
6930
12252
26520
21074
9670
17238
10072
13336
26632
16970
24964
23586
23394
11908
23764
22024
24790
21998
7976
15718
7450
11626
23048
24552
19272
26406
9222
9156
25112
18030
11462
14420
12676
14778
10700
24258
13186
25316
7848
19206
15744
11014
20282
19916
13612
15844
19568
26416
24408
23880
13644
12762
11914
8768
10228
8970
23518
24968
24140
10192
6980
9522
15918
22302
23252
18958
10398
24174
17740
16702
13776
8346
25634
19300
19118
23736
10282
16848
26660
23710
11114
20092
14136
15566
20458
10952
13998
22978
7028
11562
26248
13584
18146
12860
9406
23362
11680
22668
25796
11220
22642
9650
19964
11338
10468
17396
24302
22114
18966
10034
11488
9384
25756
23360
24532
20854
26298
15024
24858
20144
7828
13878
11776
19202
23936
18776
23428
25750
17600
12190
14038
23478
17858
10924
7090
12392
22074
9974
12660
15926
18432
9668
21324
15942
7390
15116
17584
18164
22020
12032
24282
26568
11294
23676
15638
12922
9740
17636
18392
24944
26140
26304
16488
16588
10894
11982
13432
21078
21030
24622
18258
17826
7498
13076
21244
21052
14604
21914
11012
24976
18806
21396
25998
7728
21774
19908
24972
10918
20772
22990
6812
17282
15552
16518
25480
8562
24746
24606
25268
22626
10798
23850
11796
10944
10528
14398
19962
24156
12666
9200
18456
7114
10996
12774
21042
23388
22520
25604
7950
23296
10190
15550
23782
11244
19732
26478
9188
22280
19550
13664
23658
10590
20342
19394
20378
11834
25312
22924
22220
21804
26056
13418
11972
8602
8476
20254
24296
13864
16658
23624
25868
25254
23264
12698
19278
20142
11330
19982
21258
7010
15410
18334
24530
14764
15354
25992
15810
21046
21692
21894
23686
21948
13662
19464
16852
21750
16940
23248
15784
9208
18380
7832
18986
20940
13942
13226
11340
7786
8254
19554
12742
26110
13692
25068
17796
23950
13544
24004
8644
18174
17018
22488
8740
7596
13848
25594
25000
24122
19458
8968
9104
19688
23290
24216
23056
24820
7486
17246
22046
25864
16400
12910
8540
8150
13300
18484
11104
8056
13566
25658
10108
16540
9366
23444
10502
11978
11170
18910
16422
7152
26758
10030
23344
8340
14460
13498
26070
23454
12522
12846
15646
25486
8342
24104
11524
18020
26374
17164
21350
21616
18954
18296
12354
18280
13738
20454
21126
10178
12250
8428
15620
10456
21898
24058
23726
14094
9994
25118
18540
24070
9034
13626
9836
11778
25940
12152
21624
22300
25732
25170
18940
9848
11204
13702
11174
9552
12296
23648
26526
15630
20892
10946
25466
14294
7898
7974
14704
10696
16338
11722
15316
25882
25002
23190
24856
13558
9672
15788
20934
26350
8760
12596
9302
12044
15464
24782
15714
17072
25710
21194
8924
20448
23768
17852
9316
21184
19714
8050
25034
25600
11116
12684
11620
7928
23482
9806
7466
11124
18732
20314
17546
25678
22580
15232
9572
12598
7176
11454
20472
20000
19276
10348
8856
7330
19074
16120
21558
7638
14488
24172
24280
13238
17994
23996
8112
22644
16312
9648
11704
18344
23472
18298
16214
12128
24210
25084
21858
8734
13488
13506
13136
10676
14226
24106
23088
24566
13900
17998
15398
24840
9564
10578
15572
16224
20602
16318
21690
19712
23630
18642
10176
8522
13758
17540
7770
10252
24044
12708
9064
20926
13762
10294
16910
24368
14074
16706
20518
22632
21118
13740
20580
17308
10488
14932
18294
23110
15874
19150
7456
16882
8144
15480
16184
20294
24392
21130
11526
26164
20808
10064
15544
14644
22610
19056
13894
12622
8766
7044
13564
13718
17328
20706
7048
26262
12624
22608
8074
22314
16824
19514
23008
18130
13672
19242
8774
26102
16982
24464
24750
26470
11214
13086
16626
21654
19624
10876
12382
10584
15944
24114
13686
15596
26002
26766
9174
17598
26750
21176
9336
11276
16200
7842
11322
16558
17126
16264
12856
14372
13534
10820
22298
8750
21600
25318
23646
16230
8180
22568
25468
11030
17834
7958
11022
25610
17322
23192
19134
19676
11682
22914
22582
24900
22282
10574
22428
11036
26146
24960
8516
13766
13292
19948
21618
10620
9684
25056
12046
11632
22230
16918
14956
14130
25728
7362
15526
21012
17530
10438
18290
15998
19902
21482
7264
21378
7578
24880
23902
8186
24874
7136
18204
7276
26244
7608
7458
16118
14184
20714
7052
11862
15748
8306
12946
19614
17716
19632
9150
22480
16556
11376
23866
23300
13804
21878
24356
9120
14518
8546
7110
11096
13896
14556
9980
7522
12196
19774
11772
20310
19830
10624
16068
20832
24674
20680
24974
18832
21492
6842
17976
24134
9850
16886
19290
20106
19856
10458
25246
25274
16098
14008
8088
19700
22318
18956
24794
15334
11008
26794
17380
11810
24454
8984
26066
20530
23014
20888
22994
15352
24646
10674
16158
7516
19494
25104
16496
24600
20684
7644
19096
13668
14816
13160
24148
21718
12768
21954
18888
16520
13532
14690
20236
20100
12168
23868
24692
22470
21846
20114
13474
7164
14608
17764
26548
26532
16086
20556
13808
13512
14858
13798
24884
22326
16278
21106
20464
19148
26004
12790
14132
20870
20222
21536
20814
23688
22984
25106
18424
25296
13364
14776
23874
23544
13526
10362
24608
26352
25876
7790
11820
25280
14602
25222
24444
9922
20830
9330
9880
7030
22026
25462
23682
26702
11464
23462
22576
10008
24002
9462
13462
12124
13492
14508
8338
19722
15984
6972
7278
15992
20898
22646
25398
25786
23542
13156
6816
14766
20140
19530
19726
14626
8848
23702
8272
9270
11808
20434
22450
7818
24328
13568
17342
8490
16122
21086
13312
16666
9858
13594
22530
7394
12042
23716
13520
17748
8174
16210
10836
19636
20782
18598
10426
18614
16434
17766
23000
8102
18948
7056
21952
21066
8284
11572
15022
20544
23086
10672
16180
17268
13586
13326
26668
14116
9754
25502
7174
26154
19842
22384
16220
15888
9088
18336
19762
18656
20096
19914
18476
11726
11508
11142
14028
17668
21390
16684
23510
12912
9148
7072
10356
25576
13486
12694
15868
15290
25266
12452
22942
16610
10884
6836
18072
10998
9492
11072
9626
17430
26346
18710
12428
19024
16878
12834
9012
19310
12704
10656
18772
10994
23306
17958
24046
22920
17168
17182
21508
25614
19990
16924
24802
8934
22438
26676
25638
10028
16792
12210
17406
17272
9544
25694
25672
13634
21226
8888
15536
13874
12904
14296
22708
24942
16804
7652
26370
24738
9816
11118
20976
22154
10062
12010
18116
6850
8418
9504
7612
17624
23100
20952
17560
12356
25544
20460
12540
20036
24250
20122
9512
19354
23566
23604
14246
8532
9534
8810
26372
13624
7990
16650
13652
22900
21746
15106
6976
9420
21888
20162
22264
8192
16604
8692
8588
21298
7366
13784
22706
22782
15872
7718
12528
16608
7302
18242
13540
16196
23976
25688
12824
21060
23840
24500
13710
14620
9944
9160
9766
20172
9116
8218
23848
16990
9802
18012
20014
7784
12300
14504
11836
14962
22064
8940
12770
26158
15080
8086
11136
14670
18758
17638
12968
19976
11720
15466
26626
14118
13860
13322
21582
15816
25090
8814
19404
24130
11618
9236
13302
21982
26454
9838
24574
9628
9904
23672
13984
8374
21448
15132
10260
12346
9440
12504
9588
6926
18470
8178
16334
22164
14276
8092
11920
21014
26142
19772
22912
8410
26288
13370
8072
19170
17824
23036
9032
13892
23742
17564
22606
21896
19934
20346
10978
21974
23762
19466
17746
23010
23784
15152
20880
24358
9834
8678
23160
15326
21082
22502
9760
13716
12908
25198
16668
23112
21938
7268
23316
9070
11502
14328
9592
23102
23860
24214
20240
17388
23188
15300
11242
23078
7744
10100
21466
19808
20308
21818
10234
23292
25388
18462
7000
15026
23612
22538
13204
12750
25914
24194
22116
18048
15908
26732
24586
15244
23982
25958
14124
22686
19664
9004
23660
15472
16348
19682
19304
15520
7314
21420
24658
16984
24132
19834
17336
23598
21970
19356
22970
16352
11310
20164
19716
14018
23818
14254
13560
17472
14638
11050
18754
19944
10372
21612
10474
13162
25284
18282
23226
12386
19270
10022
24088
15990
22640
14846
22190
9946
26264
6888
22188
16208
15906
21146
17440
24338
20270
25224
16020
8282
20080
22276
18572
26318
7480
17928
25582
19040
9728
12498
24542
11360
17144
15608
26334
15114
12414
13066
16470
12198
16062
18558
21728
22548
13390
7496
16814
24182
16284
10668
24344
13518
21702
7322
22996
9654
7692
8372
26306
16844
12310
12572
14016
9386
12956
17386
14762
15004
11448
21346
13822
16366
24854
18584
10540
22808
7140
15130
12144
13650
12410
20370
23094
24726
9304
25448
21842
16962
15226
18884
17038
15560
7814
7156
7340
25204
15032
11492
16732
14496
24292
15496
24226
15750
18990
23778
18622
26120
19744
18200
16530
13678
13104
19978
17828
7074
19316
13882
8812
22682
23084
8304
18340
18562
17936
19196
8152
18566
14006
13214
12948
19292
19618
8268
7130
11040
13112
22832
12264
8952
10240
23380
10492
25908
10432
10960
16402
22270
14572
25294
22930
18782
25982
19928
11624
11018
15260
15486
18716
13658
12998
25004
25994
25390
21946
19638
25900
17784
20762
16914
14780
15458
9456
16084
8690
26330
14304
20954
20082
12422
19130
11152
14792
11540
13382
8176
21580
19786
21686
17294
10906
19152
8518
19582
14102
9346
11566
11606
9786
26078
8232
10436
7948
13986
12342
7364
14664
19244
20070
9474
21758
16142
25324
16032
24526
14810
20104
15328
8838
21596
24480
16090
7218
20654
11420
9184
21168
11324
7552
25838
13980
23040
20970
8240
21592
19784
21572
9970
24612
6844
23952
15948
11952
21318
10596
7014
12000
8324
7294
12334
21016
23836
24866
17978
19898
25128
17800
20336
7952
14138
24380
19454
15308
8520
16448
25132
17580
19372
14632
14692
19480
12376
17738
25422
11758
9108
24828
17704
20872
12182
23680
19640
8348
10326
25608
16892
7092
20244
19044
14802
20498
14112
14964
25102
11402
18110
25972
7378
7868
26224
12424
6886
14682
15020
23526
23432
17670
19998
24924
21916
25684
10646
9856
25660
8652
21144
13706
10754
21032
6814
24478
7258
19094
24170
9408
22524
23276
19146
22160
9956
22988
14388
26570
22152
23506
15962
20906
26746
18926
21798
14634
14494
16572
12066
16300
10600
14542
20836
20168
21262
18678
17360
21110
17640
10298
9028
17468
22670
13330
11578
22338
10628
9182
16716
10510
17454
18608
16024
10120
19432
9770
20396
9486
19072
13704
26178
8390
20780
18932
11994
17136
9498
21278
12174
24154
21762
14166
11584
9752
15662
8712
13268
16342
21874
23798
21578
12316
16242
17346
22332
26792
18526
18638
18442
9870
21620
7356
12880
8892
25358
24242
10290
23320
11006
23776
21006
15852
23562
21024
8568
12132
17894
18750
20258
24304
8356
18002
14650
11816
16704
8278
16034
25814
16128
22156
14944
23576
16336
21302
14588
8832
25774
18318
21908
23162
20072
10618
19710
9520
10716
24098
13756
20026
14366
26300
22772
22692
24410
23154
13190
9240
19154
19164
24904
17710
15178
14724
17278
15978
25306
22192
10896
26342
20798
21872
14380
20636
16018
25690
26296
9460
26508
7202
10816
23602
20116
21162
13056
14500
14622
20008
15774
24642
15446
20692
13868
25220
20572
17720
23210
20018
23494
9710
14586
15882
9042
9692
26314
8608
25094
8222
25320
8554
20312
13352
12314
11162
20068
10858
25282
8580
25934
11198
10732
21630
14828
18414
22818
25096
9214
24764
23946
21676
19504
15344
18438
9396
8994
25540
7932
22500
7430
23638
7482
17130
17888
12532
19010
25176
10218
24842
9820
7774
15118
8220
21058
14376
22186
7614
25820
24838
11004
9538
23412
11148
22638
21882
24996
15768
15394
18664
15928
15900
14020
11060
24666
21136
10548
15970
26136
13962
16134
26006
23150
20962
14548
22040
9596
8382
19600
19696
24640
15786
14002
10032
22268
18346
24948
15936
18430
7740
12654
7490
16840
18396
12416
26558
18720
12204
9790
21924
9350
20462
17194
23480
25872
12642
8010
6984
11212
19972
6932
23030
8494
10442
19416
12404
15094
20806
7472
7506
12906
24568
12446
18522
21134
12494
11960
13890
23606
24482
9818
23636
14044
19820
6998
14364
13144
20034
19698
21286
18208
8108
16808
19208
14196
7924
10556
9758
12630
21884
24928
18658
21930
15558
9712
14568
16692
14536
22342
7410
11872
15150
20296
21382
21398
24922
8154
19294
16820
11694
17098
14188
7686
13600
22952
8974
11996
17062
22800
7896
15704
20796
21664
26736
18652
16956
11586
6954
14954
14120
13538
17770
26104
25492
7554
11224
20486
11284
21480
7342
25984
8696
25014
19668
15494
8060
10958
23244
25384
10414
12548
18916
20996
24702
26554
18104
19674
9444
13470
8850
15716
12766
23204
26654
17356
22206
22460
25228
19884
21792
16570
18106
22888
19474
16446
17178
20550
8302
25470
17378
22284
23402
12538
11496
25636
19850
18850
12636
25714
15262
22408
23942
26724
20488
9930
7116
6800
14324
23418
11514
8210
8160
16746
13228
18550
20198
14580
19476
19980
8504
13106
23670
8946
23278
25562
26182
22954
13938
9472
8224
12322
11404
15830
9660
7232
20262
19734
11744
25108
14134
9938
10484
18000
10236
15450
12284
21994
13796
17374
16358
12584
13050
11530
14844
7288
12902
14014
8910
18176
14974
25166
23856
10680
9976
12036
20364
18252
26028
26036
12604
24770
8618
7344
7756
8094
25050
17006
11000
23232
14416
20520
15240
18270
9920
6906
21062
9986
15146
26464
11498
9084
9662
19060
9636
7266
23026
15726
15626
23254
10856
23570
26460
12394
12746
19028
23504
16016
15422
22388
22396
11948
26320
19606
25500
10328
12486
9448
10916
24860
14550
8938
24014
18624
22908
14030
8470
15780
14076
13074
10564
8680
18774
10536
21904
17338
24126
16920
14462
9872
16234
11738
14900
17910
13514
26756
26234
18368
22620
22574
10742
19818
16860
14326
13080
9898
14374
20020
13070
19918
9536
12794
11390
19806
24204
22184
20338
23476
24220
15332
9578
19018
9896
11160
14152
19282
9690
14906
11326
21748
22254
19088
16104
9960
12958
20804
22080
20414
15242
7046
19848
21336
15256
8990
19046
26340
12088
16980
10216
17400
19628
12702
8474
22142
17508
20766
19892
14164
8264
22702
19766
13592
15428
18256
10508
17010
18906
24212
24590
15388
8746
17292
12690
19084
12320
10638
13224
7304
21088
15408
17702
14698
16628
20522
10482
16738
24982
14426
20632
21116
10722
6922
16280
21156
10274
26472
15802
22296
18410
20728
12508
15858
25498
16748
8466
20230
10180
18836
21556
22552
24688
6872
25862
11388
11580
12288
13182
9050
17896
16778
25780
20972
19900
16306
12166
25854
10534
20154
13598
8376
7642
18220
19268
19472
6994
14842
26690
16632
20064
13036
21588
24352
21738
17146
7864
21966
16398
7826
22410
8628
11460
7034
17226
26482
23740
10096
11234
16510
18700
22578
22628
18076
25946
17806
9688
8836
13932
19068
20446
23436
11282
24826
7484
17628
11222
21246
19344
18416
12002
21632
19160
23750
17524
22356
26162
17696
17110
15812
13836
20724
25744
26778
22874
25446
10650
22658
8260
22894
19338
21282
15582
13922
19346
8880
20612
18748
13548
16414
16476
24442
25148
25238
24262
20944
25026
18972
22972
15142
15212
18228
10702
9678
7436
24386
22252
18500
12710
19540
9886
21828
26748
21796
10476
17714
15448
21502
23298
21092
22250
12318
8398
11522
19370
15592
25482
15468
7702
17790
13360
8204
10622
7080
10500
19966
21756
14760
21752
14924
9866
26768
14706
26458
22324
22856
10860
11168
19482
26494
21816
20170
19048
8124
10146
16222
13632
13438
16324
15170
8170
24374
13088
24870
8100
14458
12216
26772
23864
11280
19484
16638
16152
25670
15228
20212
9018
8438
9450
19930
10604
16784
15192
11714
6916
15822
16972
18612
11666
14516
16750
12700
16758
8630
14914
17706
14992
8464
23308
16186
20666
14308
18342
22068
18460
14946
19592
20354
10812
22310
7902
17906
12058
11672
16320
26536
19524
26546
9412
10984
7024
7280
26236
13954
8574
14666
20266
18350
11190
6996
18338
15710
19102
7706
7154
23028
16522
20672
19906
21824
13014
19386
20752
10066
10320
12302
25976
13802
18892
14636
7124
12274
26014
16172
10242
12380
17114
8590
22334
25458
23744
17712
22112
24492
20616
23092
6948
7820
20350
22212
13570
20862
13970
16506
19442
12496
20894
12954
26476
15658
20006
25860
12084
11250
13212
8412
19428
24626
9738
17810
21072
12632
14618
16966
8068
13960
9000
16946
25778
8996
18382
19026
24556
7624
13154
9096
25370
11032
17872
8852
16114
16376
15762
16452
10832
12040
16992
16688
19608
7978
10948
26398
25120
25848
22200
21602
21456
19008
16900
22348
23406
25276
19434
18742
16480
14558
12720
16438
22478
8082
14100
14142
25996
8552
22006
7550
7172
13610
13034
20584
20366
21836
25768
18014
16256
19876
10310
22294
22194
15528
14738
9742
6810
13622
7908
26144
11094
20456
6864
25920
16958
9550
9780
9334
18616
22118
6904
24554
26754
18132
22416
23366
7696
9398
15656
10806
10758
12748
14058
18134
26694
21980
13244
8596
11468
12060
14784
13496
22586
10226
23654
24564
9644
25518
14976
23916
26032
9652
25974
19066
16354
18412
23284
20228
19324
16906
22550
14140
23386
18066
24984
7720
21406
7420
22678
14048
18078
21274
7700
18734
17070
12826
25952
20130
9100
6910
13590
23878
25692
17908
22202
16512
15698
15490
24498
11346
12488
15602
22172
11240
24316
21266
14808
13928
12080
15586
7576
14340
23904
21150
16038
14968
18316
23158
20358
9804
6962
11742
15806
11686
10892
24200
22742
7346
21716
19662
13446
15460
18874
21522
22364
17188
11166
12618
21822
23998
9972
11364
24562
11026
17476
20610
21514
10164
10446
26566
17240
24776
13334
26174
20744
23490
19570
18862
16698
21248
11016
19556
24218
8486
24054
14446
12110
14264
12388
6860
18354
22792
16356
18618
21028
17150
24780
22092
15542
15282
9328
17300
15264
12900
21648
23574
10256
19922
9072
18580
13108
23990
8716
22266
19730
8386
22240
11264
22482
10382
15890
7478
14110
14482
10778
14880
10200
9054
23684
18930
8004
15920
9186
7922
8556
18452
21174
19438
22150
9502
17428
11312
10278
11078
21854
25798
12236
18524
11568
12396
25330
17296
19988
26050
20548
13184
11570
7968
24628
8512
17350
11648
18468
10316
17954
25988
15456
13904
14864
10794
16728
9998
20748
13408
18198
8396
11306
21212
17980
19462
25790
23780
10704
26238
16584
19510
16394
7216
11110
10792
7752
21646
18124
12510
12594
7822
9190
9950
15122
22378
9620
20226
20330
23534
26250
10868
7856
7866
11802
22714
18628
9910
20452
7360
12308
9258
18440
12640
12164
19398
17436
20066
10830
15574
24638
7560
18026
12434
7336
23758
23194
26242
8876
16094
16774
21720
14610
11976
8054
21986
19750
8758
22916
17526
25644
20812
8736
20846
15424
7244
24938
17252
11622
13410
22238
24670
12234
11010
19564
12996
20186
19032
18304
24440
24086
14748
26338
15660
10098
11984
11504
20968
7714
15224
12682
16500
22476
22554
17688
13356
14896
23536
25186
10014
8558
18982
21992
13750
21852
20694
15148
18834
13400
21834
12974
23024
13946
24118
15956
12932
9218
17478
7870
6944
18422
26528
18472
20248
12872
16326
17248
20950
17972
18950
13122
18112
10862
24908
10786
20502
20598
15208
26784
8310
25292
17970
23212
9180
14936
9290
25310
17622
24066
16836
17776
15012
14742
6900
20328
7732
23126
8228
11258
10230
23792
13174
10188
16430
18680
15994
17392
9744
14266
14878
7708
24298
18194
19062
25942
22680
23516
21488
12222
25812
25884
11392
15488
25350
18890
18064
24078
8216
11944
15180
15564
20774
23414
21250
13886
21870
26114
18390
24030
13006
7994
16802
18330
24818
19098
15730
17218
11806
14980
25180
19446
13072
10864
15072
24896
22738
14098
23134
18996
19498
13248
8162
9278
17222
12384
15968
8262
8620
24102
13856
17090
23908
16888
17030
11986
9990
21352
24474
17666
24198
12150
11990
16842
15084
20958
21766
21356
12716
26184
13276
14630
24986
6854
23312
19342
18418
17012
15682
12206
10214
11066
12440
16282
13210
14378
19646
21960
17058
16974
24072
11636
20948
17234
8296
24978
18022
15980
8252
8208
10400
18388
16782
24026
7338
17390
17138
23128
20442
18964
15898
24462
13152
22258
11564
23408
7716
25496
19748
8748
23098
24772
20318
25754
12158
10828
10928
11262
23468
14534
17236
20276
23824
21200
26074
20528
10368
22760
8424
14484
17420
17590
25676
18672
22486
12466
18154
14832
20482
16524
14952
25188
13494
14432
13236
26486
24744
22556
20032
24594
21054
18394
24914
19868
7238
16600
7372
15210
12370
17250
12546
9294
15176
10376
20256
23488
12670
20320
19360
16552
23330
26218
15616
23986
22418
24084
26412
14174
22010
25344
12450
19280
16988
9954
26576
21232
14454
19214
22526
20386
18674
16266
22794
10908
24094
21476
24644
12202
10144
18264
19814
7780
12614
22560
24096
16472
22490
8322
15052
21812
11676
25592
19308
24364
18016
20348
19724
13120
10524
20650
11362
14684
17840
14252
21490
16576
14578
20112
17644
21736
17848
8730
17108
10012
19222
17132
10068
7086
15284
12406
21868
25402
22234
26278
25062
13454
14596
12492
15770
11748
18232
14652
25808
14886
15624
11366
10740
9828
7792
21670
26130
16044
24852
16656
19034
14408
9468
16700
9824
8834
16546
11424
17982
15986
19670
12260
20390
11844
16502
22140
15430
7878
15476
24660
11542
23464
17604
13376
26390
24350
20938
19490
7428
9280
21182
13910
10632
9136
22110
8930
11856
21120
14850
8914
22034
22382
11134
10272
13450
11414
18914
15588
24582
12886
24452
10954
9146
11924
15104
15204
13806
16112
24166
15068
8998
11710
13940
23580
15766
15904
20866
26540
18094
22820
23470
17366
23806
22048
24330
7768
16030
12378
16922
22144
19070
26684
15524
19580
11102
8110
16938
24656
22846
19588
15426
20466
8290
21552
20596
20634
13790
14310
7580
14920
17032
24502
9288
26408
9982
15690
11794
16880
24076
17040
14848
12188
17818
21790
9700
20416
11550
17984
12712
16370
25020
8726
17650
26592
12526
12864
6798
21496
21788
12226
23076
19878
22830
11938
7178
8242
23208
9010
11436
7658
7598
26206
20332
13280
11318
11638
11064
19672
12752
19422
23668
10386
20426
16052
16682
8842
13472
10514
14680
7904
15348
23968
10966
13414
8724
25520
21902
25144
20316
9418
16590
21892
26384
26506
25182
12778
17028
26018
9132
10306
9708
18988
25564
9318
23772
23696
12368
9030
25476
10920
11024
19558
12866
22790
10384
18528
21152
17200
14402
19704
15842
18860
16994
21308
8298
12352
20896
10480
8616
21424
17592
12800
8080
26646
25986
25248
20910
11766
10840
11122
25904
25308
16396
22316
23708
7962
15720
14062
17088
10634
8132
25088
13246
21838
18620
15674
22208
7444
16182
20086
23932
24270
21400
25260
26630
25438
12838
8808
10420
23346
25736
25490
26550
8962
6896
20652
22884
15286
18148
24000
14694
17348
22466
13712
10136
7120
20858
15062
13146
13992
20506
26194
26214
14818
12106
15000
18302
18492
20840
9646
25472
16800
9724
24804
8904
26240
21020
13078
10112
6898
11500
26048
16904
10380
10332
13844
21442
16694
24476
14004
25850
20284
11628
19598
20046
26176
15946
11274
8044
9058
16484
22784
19286
9062
7192
17432
13030
15664
12930
16014
8960
21458
9852
21034
11878
11786
20822
23900
9718
24468
25064
24486
16492
22368
24168
14566
26764
25596
26634
8120
11974
26366
8804
12426
21450
17880
17104
19804
15372
23770
14204
10530
22962
10554
23148
23266
18516
17118
16526
20044
20252
9934
18006
8732
19234
21540
14884
16212
18590
9430
12224
24988
22726
9722
17914
22852
17940
25776
17208
23174
10142
12852
7646
26590
23834
20250
10670
18872
14890
10770
26598
22870
23228
18530
11320
11538
25906
12992
7190
22660
12444
23234
15734
19002
14624
8300
8292
18828
18054
16372
18728
8358
7794
25336
21706
8944
23004
15158
16648
20166
25060
11532
13362
17664
26760
12858
22120
15010
26382
16616
18058
17052
20756
12524
22496
24716
18630
19986
26740
7396
24354
18420
20392
10566
11396
18358
22948
23044
8662
19776
11336
13084
7546
12674
8576
24334
9246
26624
8942
24276
7412
13604
24426
16408
13260
21996
12338
13920
15128
26052
24008
9570
25788
22596
20956
18778
17750
16330
17724
16790
23240
11774
9048
10694
20576
9388
10936
21206
24630
23712
14200
12662
24456
23294
21218
26282
19426
8936
10660
11762
19176
14904
13866
7098
13912
24388
11700
22182
23756
16126
12458
21296
9890
24792
19642
14806
9272
14674
7788
21840
22286
9948
18036
24980
20638
22136
25058
15156
12278
8510
15742
20430
23122
14274
22472
26686
25816
25436
19496
26280
21988
7844
25024
20510
10898
21890
18640
25624
12102
20490
17496
11400
18268
23448
16856
23530
24146
19492
12270
26256
17684
22588
10752
25524
16238
24402
22062
14386
21416
15696
15746
17424
13734
21154
9796
10304
7604
6960
15196
9022
9584
11534
24162
18866
18044
7146
22168
17260
13158
16726
23674
15540
22426
26516
25406
9348
21640
23352
13834
7128
8536
19560
17572
19886
9966
8610
18170
11058
19022
25352
13660
9630
9438
19430
16442
22750
22878
14966
11950
21270
7858
8226
14888
10000
26328
12372
15880
17864
21918
13028
17660
26644
25936
21362
9410
26618
8182
20214
16316
19322
18266
25036
22484
7562
13286
20280
19650
24570
14892
7088
26612
18702
6834
17166
16482
21672
9808
9554
20152
25704
17868
23956
13012
17442
15754
26580
17080
16976
19116
7208
9234
20546
7252
26512
8350
8894
18738
9656
17934
19920
9676
25514
20264
14202
9528
22328
24470
14392
18646
13386
17358
10712
14686
11822
9590
20388
19000
14192
24668
9844
7066
23752
23662
26552
7040
14688
24312
11056
12562
22598
26150
14486
23224
12398
13700
20710
20842
23608
20676
19720
10842
20558
11272
23842
14902
20552
25770
18222
11172
10714
25340
9614
16516
13008
23196
7746
16156
22584
16862
21484
22534
7212
15594
25076
19240
15570
16536
24580
10690
21230
24494
10490
24522
24952
11450
22746
20412
17174
12062
11438
7838
14754
25928
11344
21554
13456
7688
17124
10138
16634
9622
17574
14286
7320
14988
23336
17334
22444
26082
8248
16474
24288
17280
8460
15276
18114
9436
8118
6884
18034
7802
23800
15892
25368
8106
24232
26594
17662
24022
9774
10244
12714
7406
9682
8788
20980
10602
25030
12008
15884
14612
14570
17332
6982
21524
25584
17264
13320
23130
18718
19544
26418
23790
14908
19364
16672
19896
22976
23238
18894
25074
16270
18308
11850
23704
14984
19330
18636
9176
6838
19760
22776
9466
17556
16986
7668
25100
20286
25162
20984
21090
24614
24894
17060
22710
26704
22814
6956
26672
13964
9734
15516
8948
25138
13130
9260
18402
10838
10208
17676
7964
12408
20042
9040
23166
17610
22868
20478
7068
25734
26186
20942
6808
10152
18086
15708
26602
9776
21786
9798
22158
24150
8906
24320
25546
26054
15438
7640
8202
26166
18236
11658
11372
12478
10074
16890
10408
22986
19836
16078
20930
13736
26720
26714
15088
8096
11184
16332
14728
8884
11082
14640
26574
16066
25442
20178
23038
24740
17542
13062
17190
22518
23080
12176
16346
24048
18162
23626
17938
18690
17602
23514
7260
7256
11216
12024
14260
23222
9110
12568
22828
24806
6824
15756
23954
16440
11670
11930
19122
13354
24050
19912
21186
21312
24472
22612
16812
18946
17186
8776
7078
10302
11992
16140
23656
18052
23970
10950
20890
20182
23924
20324
16770
26188
25598
25510
11480
25512
15922
17330
19140
14798
13720
16146
12658
8288
8792
17116
18634
10800
13914
8752
8368
16854
9206
12220
10784
26670
26128
22600
15288
13950
18102
7682
17782
20484
10608
25252
14034
17778
8128
17438
13252
9762
12888
23714
20016
16466
18406
9192
11304
9768
21808
12172
9894
7370
16926
22204
25414
16486
18276
14656
18534
8964
14230
13128
9256
24322
14290
15006
12644
9458
7358
13502
13406
15364
10720
24256
18814
7824
11536
7296
21334
24080
15828
19220
6832
16730
8156
19500
21768
21744
18800
24034
20566
21064
14172
21742
18532
22498
26438
13378
15206
19306
21574
10118
22236
12086
14996
13696
10110
23632
11852
23072
26266
25806
12162
25572
21732
8668
26622
14180
13060
15678
16340
9494
15380
20988
11902
26500
7332
21344
13674
10140
25400
22918
20444
21408
16710
10568
11486
25078
17202
7698
11814
15506
15836
24446
20406
8806
14582
16566
9060
21108
13102
11164
22858
22694
12054
24730
19620
19800
11490
19120
24676
26410
9284
19166
15532
16058
15440
15938
17480
7946
19956
12094
26060
25332
15318
19086
18060
13510
10080
7530
8844
22892
8868
12332
12804
24092
7532
12988
14332
7738
18312
8772
25230
10128
17878
16998
14056
26796
10882
23766
19512
16244
21388
25842
12262
10204
22432
17726
10186
26138
22932
17760
16942
12456
10050
13138
25450
10826
12438
21668
14822
22018
8018
13026
13976
21794
10658
21950
26118
23262
13048
15764
21236
21570
9490
26168
8496
22124
17926
25966
18880
13478
16162
17452
20150
16458
23442
24662
17920
9482
17788
15414
24872
14930
11750
9640
18856
15502
18042
15760
7122
18234
7534
8430
9252
23108
16192
15576
23164
16310
12718
15416
24064
17228
13404
18942
10156
14114
25434
8320
11316
13424
12964
16304
20700
9720
7026
24394
15776
20824
24588
10728
10284
10460
7812
10662
17538
15736
26776
17446
13420
12780
17302
21216
12148
22248
19182
16908
24202
10452
10730
24268
12530
22508
19596
11698
18626
12890
9560
23984
7290
22700
9962
19468
18764
16108
21568
9248
22562
18004
23928
7942
20304
8636
25042
26378
10082
21772
21734
18466
19192
14220
11358
21634
26582
23992
6874
21520
11912
12808
7632
19436
24912
13288
6946
19890
23304
24936
24176
18158
25190
23546
14434
9840
12464
25048
13316
20746
9314
21140
6892
8794
17916
13812
22244
9902
25038
10402
10248
13694
13688
18278
8754
24252
20658
17412
11416
15580
23214
17078
26444
10078
10504
11890
22002
18352
19336
13402
22716
17626
26488
14170
18306
7380
13524
23322
8008
16462
8664
18564
9582
26258
11922
10678
26170
11634
11418
19320
8442
17718
16718
25794
14718
8762
10424
18924
13628
17516
18202
24186
23152
15182
24116
22982
24018
9906
8318
17722
13254
23844
18960
19248
14794
21810
21776
15322
12082
18938
18108
14790
7308
7298
15266
17254
21220
21802
7002
10466
21268
17886
10334
23452
14046
8976
19104
26276
8862
25964
7846
26000
13422
13988
18706
12514
17674
21208
23082
18250
23700
13482
20216
7168
16386
21900
6978
17990
18518
22592
25746
10872
21178
20184
26046
9484
17002
15966
11760
23104
10772
14234
22690
11732
11592
11756
24610
13090
8040
